set cut_paste_input [stack 0]
version 10.5 v7
BackdropNode {
 inputs 0
 name BackdropNode1
 tile_color 0x8e8e3800
 label floor
 note_font_size 42
 selected true
 xpos 563
 ypos -421
 bdheight 122
}
BackdropNode {
 inputs 0
 name BackdropNode2
 tile_color 0x388e8e00
 label obj
 note_font_size 42
 selected true
 xpos 1054
 ypos -414
 bdheight 122
}
BackdropNode {
 inputs 0
 name BackdropNode3
 tile_color 0x642323ff
 label camera
 note_font_size 42
 selected true
 xpos -135
 ypos -288
 bdwidth 80
 bdheight 375
}
BackdropNode {
 inputs 0
 name BackdropNode4
 tile_color 0x397b90ff
 label "OCC mat"
 note_font_size 42
 selected true
 xpos 24
 ypos -200
 bdheight 136
}
BackdropNode {
 inputs 0
 name BackdropNode5
 tile_color 0xff
 label blackhole
 note_font_size 42
 selected true
 xpos 854
 ypos -243
 bdheight 162
}
clone node171bd840|Camera2|56415 Camera2 {
 inputs 0
 read_from_file true
 translate {{curve x999 -13.666312 -13.666312 -13.666312 -13.666312 -13.666312 -13.666312 -13.666312 -13.666312 -13.666312 -13.666312 -13.666312 -13.666312 -13.666312 -13.666312 -13.666312 -13.666312 -13.666312 -13.666312 -13.666312 -13.666312 -13.666312 -13.666312 -13.666312 -13.666312 -13.666312 -13.666312 -13.666312 -13.666312 -13.666312 -13.666312 -13.666312 -13.666312 -13.666312 -13.666312 -13.666312 -13.666312 -13.666312 -13.666312 -13.666312 -13.666312 -13.666312 -13.666312 -13.666312 -13.666312 -13.666312 -13.666312 -13.666312 -13.666312 -13.666312 -13.666312 -13.666312 -13.666312 -13.666312 -13.666312 -13.666312 -13.666312 -13.666312 -13.666312 -13.666312 -13.666312 -13.666312 -13.666312 -13.666312 -13.666312 -13.666312 -13.666312 -13.666312 -13.666312 -13.666312 -13.666312 -13.666312 -13.666312 -13.666312 -13.666312 -13.666312 -13.666312 -13.666312 -13.666312 -13.666312 -13.666312 -13.666312 -13.666312 -13.666312 -13.666312 -13.666312 -13.666312 -13.666312 -13.666312 -13.666312 -13.666312 -13.666312 -13.666312 -13.666312 -13.666312 -13.666312 -13.666312 -13.666312 -13.666312 -13.666312 -13.666312 -13.666312 -13.666312 -13.666312 -13.666312 -13.666312 -13.666312 -13.666312 -13.666312 -13.666312 -13.666312 -13.666312 -13.666312 -13.666312 -13.666312 -13.666312 -13.666312 -13.666312 -13.666312 -13.666312 -13.666312 -13.666312 -13.666312 -13.666312 -13.666312 -13.666312 -13.666312 -13.666312 -13.666312 -13.666312 -13.666312 -13.666312 -13.666312 -13.666312 -13.666312 -13.666312 -13.666312 -13.666312 -13.666312 -13.666312 -13.666312 -13.666312 -13.666312 -13.666312 -13.666312 -13.666312 -13.666312} {curve x999 256.662352 256.662352 256.662352 256.662352 256.662352 256.662352 256.662352 256.662352 256.662352 256.662352 256.662352 256.662352 256.662352 256.662352 256.662352 256.662352 256.662352 256.662352 256.662352 256.662352 256.662352 256.662352 256.662352 256.662352 256.662352 256.662352 256.662352 256.662352 256.662352 256.662352 256.662352 256.662352 256.662352 256.662352 256.662352 256.662352 256.662352 256.662352 256.662352 256.662352 256.662352 256.662352 256.662352 256.662352 256.662352 256.662352 256.662352 256.662352 256.662352 256.662352 256.662352 256.662352 256.662352 256.662352 256.662352 256.662352 256.662352 256.662352 256.662352 256.662352 256.662352 256.662352 256.662352 256.662352 256.662352 256.662352 256.662352 256.662352 256.662352 256.662352 256.662352 256.662352 256.662352 256.662352 256.662352 256.662352 256.662352 256.662352 256.662352 256.662352 256.662352 256.662352 256.662352 256.662352 256.662352 256.662352 256.662352 256.662352 256.662352 256.662352 256.662352 256.662352 256.662352 256.662352 256.662352 256.662352 256.662352 256.662352 256.662352 256.662352 256.662352 256.662352 256.662352 256.662352 256.662352 256.662352 256.662352 256.662352 256.662352 256.662352 256.662352 256.662352 256.662352 256.662352 256.662352 256.662352 256.662352 256.662352 256.662352 256.662352 256.662352 256.662352 256.662352 256.662352 256.662352 256.662352 256.662352 256.662352 256.662352 256.662352 256.662352 256.662352 256.662352 256.662352 256.662352 256.662352 256.662352 256.662352 256.662352 256.662352 256.662352 256.662352 256.662352 256.662352 256.662352 256.662352} {curve x999 -493.480324 -493.480324 -493.480324 -493.480324 -493.480324 -493.480324 -493.480324 -493.480324 -493.480324 -493.480324 -493.480324 -493.480324 -493.480324 -493.480324 -493.480324 -493.480324 -493.480324 -493.480324 -493.480324 -493.480324 -493.480324 -493.480324 -493.480324 -493.480324 -493.480324 -493.480324 -493.480324 -493.480324 -493.480324 -493.480324 -493.480324 -493.480324 -493.480324 -493.480324 -493.480324 -493.480324 -493.480324 -493.480324 -493.480324 -493.480324 -493.480324 -493.480324 -493.480324 -493.480324 -493.480324 -493.480324 -493.480324 -493.480324 -493.480324 -493.480324 -493.480324 -493.480324 -493.480324 -493.480324 -493.480324 -493.480324 -493.480324 -493.480324 -493.480324 -493.480324 -493.480324 -493.480324 -493.480324 -493.480324 -493.480324 -493.480324 -493.480324 -493.480324 -493.480324 -493.480324 -493.480324 -493.480324 -493.480324 -493.480324 -493.480324 -493.480324 -493.480324 -493.480324 -493.480324 -493.480324 -493.480324 -493.480324 -493.480324 -493.480324 -493.480324 -493.480324 -493.480324 -493.480324 -493.480324 -493.480324 -493.480324 -493.480324 -493.480324 -493.480324 -493.480324 -493.480324 -493.480324 -493.480324 -493.480324 -493.480324 -493.480324 -493.480324 -493.480324 -493.480324 -493.480324 -493.480324 -493.480324 -493.480324 -493.480324 -493.480324 -493.480324 -493.480324 -493.480324 -493.480324 -493.480324 -493.480324 -493.480324 -493.480324 -493.480324 -493.480324 -493.480324 -493.480324 -493.480324 -493.480324 -493.480324 -493.480324 -493.480324 -493.480324 -493.480324 -493.480324 -493.480324 -493.480324 -493.480324 -493.480324 -493.480324 -493.480324 -493.480324 -493.480324 -493.480324 -493.480324 -493.480324 -493.480324 -493.480324 -493.480324 -493.480324 -493.480324}}
 rotate {{curve x999 -8.949456 -8.949456 -8.949456 -8.949505 -8.949429 -8.949515 -8.949499 -8.94932 -8.949268 -8.949446 -8.949472 -8.949322 -8.949217 -8.94938 -8.949435 -8.949525 -8.949281 -8.94947 -8.949513 -8.9496 -8.94971 -8.94942 -8.949164 -8.949107 -8.94937 -8.949341 -8.949191 -8.949109 -8.949054 -8.94911 -8.948916 -8.948904 -8.949047 -8.949047 -8.949003 -8.949313 -8.949478 -8.949342 -8.949277 -8.94929 -8.949469 -8.949535 -8.949195 -8.949334 -8.9495 -8.94919 -8.948955 -8.948789 -8.949375 -8.949344 -8.94939 -8.949427 -8.949358 -8.949489 -8.94937 -8.949573 -8.949186 -8.949913 -8.949365 -8.949438 -8.949196 -8.949451 -8.949021 -8.949208 -8.949396 -8.949491 -8.949357 -8.949066 -8.94935 -8.949204 -8.949468 -8.949654 -8.949416 -8.948831 -8.948918 -8.948984 -8.949022 -8.94893 -8.949048 -8.948645 -8.948754 -8.949531 -8.949444 -8.949153 -8.949407 -8.948957 -8.949094 -8.949327 -8.949138 -8.948728 -8.948907 -8.948666 -8.949051 -8.949081 -8.949006 -8.949274 -8.949011 -8.949163 -8.94885 -8.948943 -8.948838 -8.949212 -8.949278 -8.949158 -8.948998 -8.949173 -8.948964 -8.949327 -8.949189 -8.949304 -8.948808 -8.949098 -8.948784 -8.948758 -8.949191 -8.949345 -8.949112 -8.949088 -8.948867 -8.948973 -8.949504 -8.949091 -8.949077 -8.949183 -8.948876 -8.948861 -8.949152 -8.949231 -8.948923 -8.949169 -8.949053 -8.948929 -8.948985 -8.948726 -8.948842 -8.948904 -8.94902 -8.948976 -8.948801 -8.949083 -8.949015 -8.949361 -8.949283 -8.949343 -8.949343 -8.949343} {curve x999 -132.078486 -132.078486 -132.078486 -132.078742 -132.07833 -132.078408 -132.078678 -132.078416 -132.078445 -132.078276 -132.078302 -132.078276 -132.078116 -132.07811 -132.078278 -132.078228 -132.078135 -132.07808 -132.07826 -132.077927 -132.077892 -132.078414 -132.078516 -132.078409 -132.078434 -132.078473 -132.078257 -132.078553 -132.078388 -132.078677 -132.078216 -132.078437 -132.078582 -132.078578 -132.078375 -132.078572 -132.078707 -132.078291 -132.078506 -132.078275 -132.07871 -132.078434 -132.078346 -132.078461 -132.078119 -132.078285 -132.078505 -132.07861 -132.07881 -132.078484 -132.078651 -132.078299 -132.078928 -132.079167 -132.078359 -132.078715 -132.0784 -132.078381 -132.078458 -132.078935 -132.078471 -132.078707 -132.078468 -132.078494 -132.078698 -132.078636 -132.078359 -132.078637 -132.078325 -132.078548 -132.079014 -132.078902 -132.079033 -132.079256 -132.079256 -132.078528 -132.07865 -132.079363 -132.078603 -132.078682 -132.078571 -132.078376 -132.079016 -132.07887 -132.079216 -132.078706 -132.078449 -132.078381 -132.078744 -132.078366 -132.078281 -132.078734 -132.078859 -132.078547 -132.078642 -132.079162 -132.078587 -132.078864 -132.078625 -132.078755 -132.078742 -132.078779 -132.078779 -132.078992 -132.078908 -132.079102 -132.078813 -132.078515 -132.078743 -132.078739 -132.078905 -132.079043 -132.0788 -132.079202 -132.07922 -132.078523 -132.078726 -132.079099 -132.07881 -132.078803 -132.078847 -132.078784 -132.079164 -132.07899 -132.078663 -132.078719 -132.079097 -132.079228 -132.07901 -132.079562 -132.079091 -132.078992 -132.078935 -132.078934 -132.07886 -132.078934 -132.078982 -132.079104 -132.078381 -132.078278 -132.078576 -132.07843 -132.078838 -132.078872 -132.078872 -132.078872} {curve x999 0.263764 0.263764 0.263764 0.263357 0.263679 0.263911 0.263099 0.263284 0.263562 0.263425 0.263555 0.263415 0.264073 0.264646 0.26395 0.264235 0.263808 0.264122 0.264647 0.264742 0.265501 0.264417 0.264435 0.264328 0.263728 0.264403 0.264122 0.264422 0.263809 0.263186 0.263852 0.263589 0.26347 0.263769 0.263805 0.264025 0.264286 0.264139 0.263462 0.264464 0.264218 0.264749 0.265257 0.264383 0.264975 0.264307 0.264252 0.26283 0.262649 0.263364 0.263322 0.264012 0.264127 0.263583 0.263728 0.263508 0.26407 0.265311 0.264237 0.26297 0.264089 0.264527 0.263504 0.263778 0.262976 0.262865 0.263836 0.263168 0.263408 0.262349 0.262394 0.262789 0.263763 0.263437 0.265384 0.264656 0.263025 0.262257 0.262912 0.26265 0.263259 0.263955 0.263129 0.263477 0.2635 0.263474 0.263667 0.26399 0.26349 0.264201 0.26419 0.263444 0.263329 0.263582 0.26326 0.262524 0.263242 0.263536 0.262968 0.263982 0.263128 0.263142 0.263528 0.26278 0.263246 0.263025 0.263912 0.264123 0.263421 0.263201 0.262914 0.26246 0.261584 0.261496 0.262564 0.263993 0.263093 0.262196 0.263343 0.262647 0.263023 0.262566 0.263106 0.262779 0.262196 0.263527 0.263201 0.263146 0.262277 0.261677 0.261516 0.261654 0.262407 0.262644 0.26172 0.262426 0.263176 0.262071 0.263248 0.263848 0.262483 0.263586 0.262819 0.262998 0.262998 0.262998}}
 scaling {{curve x999 1 1 1 1 1 1 1 1 1 1 1 1 1 1 1 1 1 1 1 1 1 1 1 1 1 1 1 1 1 1 1 1 1 1 1 1 1 1 1 1 1 1 1 1 1 1 1 1 1 1 1 1 1 1 1 1 1 1 1 1 1 1 1 1 1 1 1 1 1 1 1 1 1 1 1 1 1 1 1 1 1 1 1 1 1 1 1 1 1 1 1 1 1 1 1 1 1 1 1 1 1 1 1 1 1 1 1 1 1 1 1 1 1 1 1 1 1 1 1 1 1 1 1 1 1 1 1 1 1 1 1 1 1 1 1 1 1 1 1 1 1 1 1 1 1 1} {curve x999 1 1 1 1 1 1 1 1 1 1 1 1 1 1 1 1 1 1 1 1 1 1 1 1 1 1 1 1 1 1 1 1 1 1 1 1 1 1 1 1 1 1 1 1 1 1 1 1 1 1 1 1 1 1 1 1 1 1 1 1 1 1 1 1 1 1 1 1 1 1 1 1 1 1 1 1 1 1 1 1 1 1 1 1 1 1 1 1 1 1 1 1 1 1 1 1 1 1 1 1 1 1 1 1 1 1 1 1 1 1 1 1 1 1 1 1 1 1 1 1 1 1 1 1 1 1 1 1 1 1 1 1 1 1 1 1 1 1 1 1 1 1 1 1 1 1} {curve x999 1 1 1 1 1 1 1 1 1 1 1 1 1 1 1 1 1 1 1 1 1 1 1 1 1 1 1 1 1 1 1 1 1 1 1 1 1 1 1 1 1 1 1 1 1 1 1 1 1 1 1 1 1 1 1 1 1 1 1 1 1 1 1 1 1 1 1 1 1 1 1 1 1 1 1 1 1 1 1 1 1 1 1 1 1 1 1 1 1 1 1 1 1 1 1 1 1 1 1 1 1 1 1 1 1 1 1 1 1 1 1 1 1 1 1 1 1 1 1 1 1 1 1 1 1 1 1 1 1 1 1 1 1 1 1 1 1 1 1 1 1 1 1 1 1 1}}
 uniform_scale {{curve x999 1 1 1 1 1 1 1 1 1 1 1 1 1 1 1 1 1 1 1 1 1 1 1 1 1 1 1 1 1 1 1 1 1 1 1 1 1 1 1 1 1 1 1 1 1 1 1 1 1 1 1 1 1 1 1 1 1 1 1 1 1 1 1 1 1 1 1 1 1 1 1 1 1 1 1 1 1 1 1 1 1 1 1 1 1 1 1 1 1 1 1 1 1 1 1 1 1 1 1 1 1 1 1 1 1 1 1 1 1 1 1 1 1 1 1 1 1 1 1 1 1 1 1 1 1 1 1 1 1 1 1 1 1 1 1 1 1 1 1 1 1 1 1 1 1 1}}
 skew {{curve x999 0 0 0 0 0 0 0 0 0 0 0 0 0 0 0 0 0 0 0 0 0 0 0 0 0 0 0 0 0 0 0 0 0 0 0 0 0 0 0 0 0 0 0 0 0 0 0 0 0 0 0 0 0 0 0 0 0 0 0 0 0 0 0 0 0 0 0 0 0 0 0 0 0 0 0 0 0 0 0 0 0 0 0 0 0 0 0 0 0 0 0 0 0 0 0 0 0 0 0 0 0 0 0 0 0 0 0 0 0 0 0 0 0 0 0 0 0 0 0 0 0 0 0 0 0 0 0 0 0 0 0 0 0 0 0 0 0 0 0 0 0 0 0 0 0 0} {curve x999 0 0 0 0 0 0 0 0 0 0 0 0 0 0 0 0 0 0 0 0 0 0 0 0 0 0 0 0 0 0 0 0 0 0 0 0 0 0 0 0 0 0 0 0 0 0 0 0 0 0 0 0 0 0 0 0 0 0 0 0 0 0 0 0 0 0 0 0 0 0 0 0 0 0 0 0 0 0 0 0 0 0 0 0 0 0 0 0 0 0 0 0 0 0 0 0 0 0 0 0 0 0 0 0 0 0 0 0 0 0 0 0 0 0 0 0 0 0 0 0 0 0 0 0 0 0 0 0 0 0 0 0 0 0 0 0 0 0 0 0 0 0 0 0 0 0} {curve x999 0 0 0 0 0 0 0 0 0 0 0 0 0 0 0 0 0 0 0 0 0 0 0 0 0 0 0 0 0 0 0 0 0 0 0 0 0 0 0 0 0 0 0 0 0 0 0 0 0 0 0 0 0 0 0 0 0 0 0 0 0 0 0 0 0 0 0 0 0 0 0 0 0 0 0 0 0 0 0 0 0 0 0 0 0 0 0 0 0 0 0 0 0 0 0 0 0 0 0 0 0 0 0 0 0 0 0 0 0 0 0 0 0 0 0 0 0 0 0 0 0 0 0 0 0 0 0 0 0 0 0 0 0 0 0 0 0 0 0 0 0 0 0 0 0 0}}
 pivot {{curve x999 0 0 0 0 0 0 0 0 0 0 0 0 0 0 0 0 0 0 0 0 0 0 0 0 0 0 0 0 0 0 0 0 0 0 0 0 0 0 0 0 0 0 0 0 0 0 0 0 0 0 0 0 0 0 0 0 0 0 0 0 0 0 0 0 0 0 0 0 0 0 0 0 0 0 0 0 0 0 0 0 0 0 0 0 0 0 0 0 0 0 0 0 0 0 0 0 0 0 0 0 0 0 0 0 0 0 0 0 0 0 0 0 0 0 0 0 0 0 0 0 0 0 0 0 0 0 0 0 0 0 0 0 0 0 0 0 0 0 0 0 0 0 0 0 0 0} {curve x999 0 0 0 0 0 0 0 0 0 0 0 0 0 0 0 0 0 0 0 0 0 0 0 0 0 0 0 0 0 0 0 0 0 0 0 0 0 0 0 0 0 0 0 0 0 0 0 0 0 0 0 0 0 0 0 0 0 0 0 0 0 0 0 0 0 0 0 0 0 0 0 0 0 0 0 0 0 0 0 0 0 0 0 0 0 0 0 0 0 0 0 0 0 0 0 0 0 0 0 0 0 0 0 0 0 0 0 0 0 0 0 0 0 0 0 0 0 0 0 0 0 0 0 0 0 0 0 0 0 0 0 0 0 0 0 0 0 0 0 0 0 0 0 0 0 0} {curve x999 0 0 0 0 0 0 0 0 0 0 0 0 0 0 0 0 0 0 0 0 0 0 0 0 0 0 0 0 0 0 0 0 0 0 0 0 0 0 0 0 0 0 0 0 0 0 0 0 0 0 0 0 0 0 0 0 0 0 0 0 0 0 0 0 0 0 0 0 0 0 0 0 0 0 0 0 0 0 0 0 0 0 0 0 0 0 0 0 0 0 0 0 0 0 0 0 0 0 0 0 0 0 0 0 0 0 0 0 0 0 0 0 0 0 0 0 0 0 0 0 0 0 0 0 0 0 0 0 0 0 0 0 0 0 0 0 0 0 0 0 0 0 0 0 0 0}}
 focal {{curve x999 36.45020676 36.45020676 36.45020676 36.45020676 36.45020676 36.45020676 36.45020676 36.45020676 36.45020676 36.45020676 36.45020676 36.45020676 36.45020676 36.45020676 36.45020676 36.45020676 36.45020676 36.45020676 36.45020676 36.45020676 36.45020676 36.45020676 36.45020676 36.45020676 36.45020676 36.45020676 36.45020676 36.45020676 36.45020676 36.45020676 36.45020676 36.45020676 36.45020676 36.45020676 36.45020676 36.45020676 36.45020676 36.45020676 36.45020676 36.45020676 36.45020676 36.45020676 36.45020676 36.45020676 36.45020676 36.45020676 36.45020676 36.45020676 36.45020676 36.45020676 36.45020676 36.45020676 36.45020676 36.45020676 36.45020676 36.45020676 36.45020676 36.45020676 36.45020676 36.45020676 36.45020676 36.45020676 36.45020676 36.45020676 36.45020676 36.45020676 36.45020676 36.45020676 36.45020676 36.45020676 36.45020676 36.45020676 36.45020676 36.45020676 36.45020676 36.45020676 36.45020676 36.45020676 36.45020676 36.45020676 36.45020676 36.45020676 36.45020676 36.45020676 36.45020676 36.45020676 36.45020676 36.45020676 36.45020676 36.45020676 36.45020676 36.45020676 36.45020676 36.45020676 36.45020676 36.45020676 36.45020676 36.45020676 36.45020676 36.45020676 36.45020676 36.45020676 36.45020676 36.45020676 36.45020676 36.45020676 36.45020676 36.45020676 36.45020676 36.45020676 36.45020676 36.45020676 36.45020676 36.45020676 36.45020676 36.45020676 36.45020676 36.45020676 36.45020676 36.45020676 36.45020676 36.45020676 36.45020676 36.45020676 36.45020676 36.45020676 36.45020676 36.45020676 36.45020676 36.45020676 36.45020676 36.45020676 36.45020676 36.45020676 36.45020676 36.45020676 36.45020676 36.45020676 36.45020676 36.45020676 36.45020676 36.45020676 36.45020676 36.45020676 36.45020676 36.45020676}}
 haperture {{curve x999 29.89999008 29.89999008 29.89999008 29.89999008 29.89999008 29.89999008 29.89999008 29.89999008 29.89999008 29.89999008 29.89999008 29.89999008 29.89999008 29.89999008 29.89999008 29.89999008 29.89999008 29.89999008 29.89999008 29.89999008 29.89999008 29.89999008 29.89999008 29.89999008 29.89999008 29.89999008 29.89999008 29.89999008 29.89999008 29.89999008 29.89999008 29.89999008 29.89999008 29.89999008 29.89999008 29.89999008 29.89999008 29.89999008 29.89999008 29.89999008 29.89999008 29.89999008 29.89999008 29.89999008 29.89999008 29.89999008 29.89999008 29.89999008 29.89999008 29.89999008 29.89999008 29.89999008 29.89999008 29.89999008 29.89999008 29.89999008 29.89999008 29.89999008 29.89999008 29.89999008 29.89999008 29.89999008 29.89999008 29.89999008 29.89999008 29.89999008 29.89999008 29.89999008 29.89999008 29.89999008 29.89999008 29.89999008 29.89999008 29.89999008 29.89999008 29.89999008 29.89999008 29.89999008 29.89999008 29.89999008 29.89999008 29.89999008 29.89999008 29.89999008 29.89999008 29.89999008 29.89999008 29.89999008 29.89999008 29.89999008 29.89999008 29.89999008 29.89999008 29.89999008 29.89999008 29.89999008 29.89999008 29.89999008 29.89999008 29.89999008 29.89999008 29.89999008 29.89999008 29.89999008 29.89999008 29.89999008 29.89999008 29.89999008 29.89999008 29.89999008 29.89999008 29.89999008 29.89999008 29.89999008 29.89999008 29.89999008 29.89999008 29.89999008 29.89999008 29.89999008 29.89999008 29.89999008 29.89999008 29.89999008 29.89999008 29.89999008 29.89999008 29.89999008 29.89999008 29.89999008 29.89999008 29.89999008 29.89999008 29.89999008 29.89999008 29.89999008 29.89999008 29.89999008 29.89999008 29.89999008 29.89999008 29.89999008 29.89999008 29.89999008 29.89999008 29.89999008}}
 vaperture {{curve x999 15.76760864 15.76760864 15.76760864 15.76760864 15.76760864 15.76760864 15.76760864 15.76760864 15.76760864 15.76760864 15.76760864 15.76760864 15.76760864 15.76760864 15.76760864 15.76760864 15.76760864 15.76760864 15.76760864 15.76760864 15.76760864 15.76760864 15.76760864 15.76760864 15.76760864 15.76760864 15.76760864 15.76760864 15.76760864 15.76760864 15.76760864 15.76760864 15.76760864 15.76760864 15.76760864 15.76760864 15.76760864 15.76760864 15.76760864 15.76760864 15.76760864 15.76760864 15.76760864 15.76760864 15.76760864 15.76760864 15.76760864 15.76760864 15.76760864 15.76760864 15.76760864 15.76760864 15.76760864 15.76760864 15.76760864 15.76760864 15.76760864 15.76760864 15.76760864 15.76760864 15.76760864 15.76760864 15.76760864 15.76760864 15.76760864 15.76760864 15.76760864 15.76760864 15.76760864 15.76760864 15.76760864 15.76760864 15.76760864 15.76760864 15.76760864 15.76760864 15.76760864 15.76760864 15.76760864 15.76760864 15.76760864 15.76760864 15.76760864 15.76760864 15.76760864 15.76760864 15.76760864 15.76760864 15.76760864 15.76760864 15.76760864 15.76760864 15.76760864 15.76760864 15.76760864 15.76760864 15.76760864 15.76760864 15.76760864 15.76760864 15.76760864 15.76760864 15.76760864 15.76760864 15.76760864 15.76760864 15.76760864 15.76760864 15.76760864 15.76760864 15.76760864 15.76760864 15.76760864 15.76760864 15.76760864 15.76760864 15.76760864 15.76760864 15.76760864 15.76760864 15.76760864 15.76760864 15.76760864 15.76760864 15.76760864 15.76760864 15.76760864 15.76760864 15.76760864 15.76760864 15.76760864 15.76760864 15.76760864 15.76760864 15.76760864 15.76760864 15.76760864 15.76760864 15.76760864 15.76760864 15.76760864 15.76760864 15.76760864 15.76760864 15.76760864 15.76760864}}
 near {{curve x999 0.1000000015 0.1000000015 0.1000000015 0.1000000015 0.1000000015 0.1000000015 0.1000000015 0.1000000015 0.1000000015 0.1000000015 0.1000000015 0.1000000015 0.1000000015 0.1000000015 0.1000000015 0.1000000015 0.1000000015 0.1000000015 0.1000000015 0.1000000015 0.1000000015 0.1000000015 0.1000000015 0.1000000015 0.1000000015 0.1000000015 0.1000000015 0.1000000015 0.1000000015 0.1000000015 0.1000000015 0.1000000015 0.1000000015 0.1000000015 0.1000000015 0.1000000015 0.1000000015 0.1000000015 0.1000000015 0.1000000015 0.1000000015 0.1000000015 0.1000000015 0.1000000015 0.1000000015 0.1000000015 0.1000000015 0.1000000015 0.1000000015 0.1000000015 0.1000000015 0.1000000015 0.1000000015 0.1000000015 0.1000000015 0.1000000015 0.1000000015 0.1000000015 0.1000000015 0.1000000015 0.1000000015 0.1000000015 0.1000000015 0.1000000015 0.1000000015 0.1000000015 0.1000000015 0.1000000015 0.1000000015 0.1000000015 0.1000000015 0.1000000015 0.1000000015 0.1000000015 0.1000000015 0.1000000015 0.1000000015 0.1000000015 0.1000000015 0.1000000015 0.1000000015 0.1000000015 0.1000000015 0.1000000015 0.1000000015 0.1000000015 0.1000000015 0.1000000015 0.1000000015 0.1000000015 0.1000000015 0.1000000015 0.1000000015 0.1000000015 0.1000000015 0.1000000015 0.1000000015 0.1000000015 0.1000000015 0.1000000015 0.1000000015 0.1000000015 0.1000000015 0.1000000015 0.1000000015 0.1000000015 0.1000000015 0.1000000015 0.1000000015 0.1000000015 0.1000000015 0.1000000015 0.1000000015 0.1000000015 0.1000000015 0.1000000015 0.1000000015 0.1000000015 0.1000000015 0.1000000015 0.1000000015 0.1000000015 0.1000000015 0.1000000015 0.1000000015 0.1000000015 0.1000000015 0.1000000015 0.1000000015 0.1000000015 0.1000000015 0.1000000015 0.1000000015 0.1000000015 0.1000000015 0.1000000015 0.1000000015 0.1000000015 0.1000000015 0.1000000015 0.1000000015 0.1000000015 0.1000000015 0.1000000015 0.1000000015 0.1000000015}}
 far {{curve x999 10000 10000 10000 10000 10000 10000 10000 10000 10000 10000 10000 10000 10000 10000 10000 10000 10000 10000 10000 10000 10000 10000 10000 10000 10000 10000 10000 10000 10000 10000 10000 10000 10000 10000 10000 10000 10000 10000 10000 10000 10000 10000 10000 10000 10000 10000 10000 10000 10000 10000 10000 10000 10000 10000 10000 10000 10000 10000 10000 10000 10000 10000 10000 10000 10000 10000 10000 10000 10000 10000 10000 10000 10000 10000 10000 10000 10000 10000 10000 10000 10000 10000 10000 10000 10000 10000 10000 10000 10000 10000 10000 10000 10000 10000 10000 10000 10000 10000 10000 10000 10000 10000 10000 10000 10000 10000 10000 10000 10000 10000 10000 10000 10000 10000 10000 10000 10000 10000 10000 10000 10000 10000 10000 10000 10000 10000 10000 10000 10000 10000 10000 10000 10000 10000 10000 10000 10000 10000 10000 10000 10000 10000 10000 10000 10000 10000}}
 win_translate {{curve x999 0 0 0 0 0 0 0 0 0 0 0 0 0 0 0 0 0 0 0 0 0 0 0 0 0 0 0 0 0 0 0 0 0 0 0 0 0 0 0 0 0 0 0 0 0 0 0 0 0 0 0 0 0 0 0 0 0 0 0 0 0 0 0 0 0 0 0 0 0 0 0 0 0 0 0 0 0 0 0 0 0 0 0 0 0 0 0 0 0 0 0 0 0 0 0 0 0 0 0 0 0 0 0 0 0 0 0 0 0 0 0 0 0 0 0 0 0 0 0 0 0 0 0 0 0 0 0 0 0 0 0 0 0 0 0 0 0 0 0 0 0 0 0 0 0 0} {curve x999 0 0 0 0 0 0 0 0 0 0 0 0 0 0 0 0 0 0 0 0 0 0 0 0 0 0 0 0 0 0 0 0 0 0 0 0 0 0 0 0 0 0 0 0 0 0 0 0 0 0 0 0 0 0 0 0 0 0 0 0 0 0 0 0 0 0 0 0 0 0 0 0 0 0 0 0 0 0 0 0 0 0 0 0 0 0 0 0 0 0 0 0 0 0 0 0 0 0 0 0 0 0 0 0 0 0 0 0 0 0 0 0 0 0 0 0 0 0 0 0 0 0 0 0 0 0 0 0 0 0 0 0 0 0 0 0 0 0 0 0 0 0 0 0 0 0}}
 win_scale {{curve x999 1 1 1 1 1 1 1 1 1 1 1 1 1 1 1 1 1 1 1 1 1 1 1 1 1 1 1 1 1 1 1 1 1 1 1 1 1 1 1 1 1 1 1 1 1 1 1 1 1 1 1 1 1 1 1 1 1 1 1 1 1 1 1 1 1 1 1 1 1 1 1 1 1 1 1 1 1 1 1 1 1 1 1 1 1 1 1 1 1 1 1 1 1 1 1 1 1 1 1 1 1 1 1 1 1 1 1 1 1 1 1 1 1 1 1 1 1 1 1 1 1 1 1 1 1 1 1 1 1 1 1 1 1 1 1 1 1 1 1 1 1 1 1 1 1 1} {curve x999 1 1 1 1 1 1 1 1 1 1 1 1 1 1 1 1 1 1 1 1 1 1 1 1 1 1 1 1 1 1 1 1 1 1 1 1 1 1 1 1 1 1 1 1 1 1 1 1 1 1 1 1 1 1 1 1 1 1 1 1 1 1 1 1 1 1 1 1 1 1 1 1 1 1 1 1 1 1 1 1 1 1 1 1 1 1 1 1 1 1 1 1 1 1 1 1 1 1 1 1 1 1 1 1 1 1 1 1 1 1 1 1 1 1 1 1 1 1 1 1 1 1 1 1 1 1 1 1 1 1 1 1 1 1 1 1 1 1 1 1 1 1 1 1 1 1}}
 focal_point {{curve x999 4.999755859 4.999755859 4.999755859 4.999755859 4.999755859 4.999755859 4.999755859 4.999755859 4.999755859 4.999755859 4.999755859 4.999755859 4.999755859 4.999755859 4.999755859 4.999755859 4.999755859 4.999755859 4.999755859 4.999755859 4.999755859 4.999755859 4.999755859 4.999755859 4.999755859 4.999755859 4.999755859 4.999755859 4.999755859 4.999755859 4.999755859 4.999755859 4.999755859 4.999755859 4.999755859 4.999755859 4.999755859 4.999755859 4.999755859 4.999755859 4.999755859 4.999755859 4.999755859 4.999755859 4.999755859 4.999755859 4.999755859 4.999755859 4.999755859 4.999755859 4.999755859 4.999755859 4.999755859 4.999755859 4.999755859 4.999755859 4.999755859 4.999755859 4.999755859 4.999755859 4.999755859 4.999755859 4.999755859 4.999755859 4.999755859 4.999755859 4.999755859 4.999755859 4.999755859 4.999755859 4.999755859 4.999755859 4.999755859 4.999755859 4.999755859 4.999755859 4.999755859 4.999755859 4.999755859 4.999755859 4.999755859 4.999755859 4.999755859 4.999755859 4.999755859 4.999755859 4.999755859 4.999755859 4.999755859 4.999755859 4.999755859 4.999755859 4.999755859 4.999755859 4.999755859 4.999755859 4.999755859 4.999755859 4.999755859 4.999755859 4.999755859 4.999755859 4.999755859 4.999755859 4.999755859 4.999755859 4.999755859 4.999755859 4.999755859 4.999755859 4.999755859 4.999755859 4.999755859 4.999755859 4.999755859 4.999755859 4.999755859 4.999755859 4.999755859 4.999755859 4.999755859 4.999755859 4.999755859 4.999755859 4.999755859 4.999755859 4.999755859 4.999755859 4.999755859 4.999755859 4.999755859 4.999755859 4.999755859 4.999755859 4.999755859 4.999755859 4.999755859 4.999755859 4.999755859 4.999755859 4.999755859 4.999755859 4.999755859 4.999755859 4.999755859 4.999755859}}
 fstop {{curve x999 5.599999905 5.599999905 5.599999905 5.599999905 5.599999905 5.599999905 5.599999905 5.599999905 5.599999905 5.599999905 5.599999905 5.599999905 5.599999905 5.599999905 5.599999905 5.599999905 5.599999905 5.599999905 5.599999905 5.599999905 5.599999905 5.599999905 5.599999905 5.599999905 5.599999905 5.599999905 5.599999905 5.599999905 5.599999905 5.599999905 5.599999905 5.599999905 5.599999905 5.599999905 5.599999905 5.599999905 5.599999905 5.599999905 5.599999905 5.599999905 5.599999905 5.599999905 5.599999905 5.599999905 5.599999905 5.599999905 5.599999905 5.599999905 5.599999905 5.599999905 5.599999905 5.599999905 5.599999905 5.599999905 5.599999905 5.599999905 5.599999905 5.599999905 5.599999905 5.599999905 5.599999905 5.599999905 5.599999905 5.599999905 5.599999905 5.599999905 5.599999905 5.599999905 5.599999905 5.599999905 5.599999905 5.599999905 5.599999905 5.599999905 5.599999905 5.599999905 5.599999905 5.599999905 5.599999905 5.599999905 5.599999905 5.599999905 5.599999905 5.599999905 5.599999905 5.599999905 5.599999905 5.599999905 5.599999905 5.599999905 5.599999905 5.599999905 5.599999905 5.599999905 5.599999905 5.599999905 5.599999905 5.599999905 5.599999905 5.599999905 5.599999905 5.599999905 5.599999905 5.599999905 5.599999905 5.599999905 5.599999905 5.599999905 5.599999905 5.599999905 5.599999905 5.599999905 5.599999905 5.599999905 5.599999905 5.599999905 5.599999905 5.599999905 5.599999905 5.599999905 5.599999905 5.599999905 5.599999905 5.599999905 5.599999905 5.599999905 5.599999905 5.599999905 5.599999905 5.599999905 5.599999905 5.599999905 5.599999905 5.599999905 5.599999905 5.599999905 5.599999905 5.599999905 5.599999905 5.599999905 5.599999905 5.599999905 5.599999905 5.599999905 5.599999905 5.599999905}}
 file /jobs/DRGRE/051_gss_0360/ivy/cam/C_051_gss_0360_cameratrack_fg01_v001/C_051_gss_0360_cameratrack_fg01_v001.abc
 suppress_dialog true
 name Breakdown_renderCam_camera
 selected true
 xpos -125
 ypos -208
 addUserKnob {20 DNeg}
 addUserKnob {26 _version l "" +STARTLINE +INVISIBLE T 1.0}
 addUserKnob {41 "horiz aperture" T haperture}
 addUserKnob {41 "vert aperture" T vaperture}
 addUserKnob {4 setApertureValues l "" t "Set aperture values based on registered camera sensor data. The 'read from file' knob needs to be disabled and any potential curves deleted." +STARTLINE M {"Set Aperture Values" "Alexa MINI/OpenGate" "Alexa MINI/16:9 Full" "Alexa SXT/3.2k 16:9" "Alexa SXT/OpenGate" "Delivery Extractions/Zenmuse x7 4k" "Delivery Extractions/Panasonic GH5" "Delivery Extractions/Zenmuse X7 UHD" "Delivery Extractions/Sony A7S UHD" "Delivery Extractions/Red Weapon Helium s35 8K Full" "Delivery Extractions/Alexa MINI OpenGate" "Delivery Extractions/Phantom Flex 4k" "Delivery Extractions/Alexa MINI 16:9 Full" "Delivery Extractions/Alexa SXT 3.2k 16:9" "Delivery Extractions/Zenmus x7 6k" "Delivery Extractions/Red Weapon Heliums35 5K Full" "Delivery Extractions/Phantom Flex 2k" "Delivery Extractions/Zenmuse x7 3.9k" "Delivery Extractions/Red Epic Dragon 6K Full" "Delivery Extractions/Phantom Flex 2.5k" "Delivery Extractions/Red Epic Dragon 3K Full" "Delivery Extractions/Red Epic Dragon 5k 2:1" "Delivery Extractions/Red Weapon Helium s35 6K Full" "Delivery Extractions/Red Weapon Helium S35 3.6k 6:5" "Delivery Extractions/Red Weapon Monstro VV 2K Full" "Delivery Extractions/Red DSMC2 Gemini s35 5K FH" "Delivery Extractions/Zenmus x5s 5.2k DNG" "Delivery Extractions/Alexa SXT OpenGate" "Delivery Extractions/Red Weapon Helium s35 4.5K Full" "Delivery Extractions/Zenmus x7 5.7k RAW" "Generic/1080p HD" "Movie Extractions/DRGRE Delivery" "Movie Extractions/Generic 1080p HD" "Movie Extractions/Alexa MINI OpenGate" "Movie Extractions/Zenmuse x7 4k" "Movie Extractions/Zenmuse X7 UHD" "Movie Extractions/Sony A7S UHD" "Movie Extractions/Red Weapon Helium s35 8K Full" "Movie Extractions/Phantom Flex 4k" "Movie Extractions/Panasonic GH5" "Movie Extractions/Alexa SXT 3.2k 16:9" "Movie Extractions/Alexa MINI 16:9 Full" "Movie Extractions/Zenmus x7 6k" "Movie Extractions/Red Weapon Heliums35 5K Full" "Movie Extractions/Phantom Flex 2k" "Movie Extractions/Zenmuse x7 3.9k" "Movie Extractions/Red Epic Dragon 6K Full" "Movie Extractions/Phantom Flex 2.5k" "Movie Extractions/Red Epic Dragon 3K Full" "Movie Extractions/Red Epic Dragon 5k 2:1" "Movie Extractions/Red Weapon Helium s35 6K Full" "Movie Extractions/Red Weapon Helium S35 3.6k 6:5" "Movie Extractions/Red DSMC2 Gemini s35 5K FH" "Movie Extractions/Zenmus x5s 5.2k DNG" "Movie Extractions/Alexa SXT OpenGate" "Movie Extractions/Red Weapon Helium s35 4.5K Full" "Movie Extractions/Zenmus x7 5.7k RAW" Panasonic/GH5 "Phantom Flex/4K Full" "Phantom Flex/2k" "Phantom Flex/2.5k" "Red Epic Dragon/6K Full" "Red Epic Dragon/3K Full" "Red Epic Dragon/5k 2:1" "Red Weapon Helium s35/8K Full" "Red Weapon Helium s35/5K Full" "Red Weapon Helium s35/6K Full" "Red Weapon Helium s35/3.6k 6:5" "Red Weapon Helium s35/4.5K Full" "Sony A7S/UHD" "Zenmuse/x7 3.9k" "Zenmuse x7/UHD" "Zenmuse x7/4k" "Zenmuse x7/6k" "Zenmuse x7/5.7k RAW" "Red Weapon Monstro VV/2K Full" "Red DSMC2 Gemini s35/5K FH" "Zenmuse x5s/5.2k DNG" "Digital SLR/Full Frame" "Digital SLR/Full Frame Portrait" "Digital SLR/APS-C" "Digital SLR/APS-C Portrait" Generic/HD LatLong/360 LatLong/180}}
 addUserKnob {26 ""}
 addUserKnob {22 makeProjector l "Make Projector..." T "__import__('dnnuke.init.callbacks.on_user_create.tabs.camera', fromlist=\['makeProjectorNode']).makeProjectorNode()" +STARTLINE}
 addUserKnob {22 makeLinkedProjector l "Make Linked Projector..." -STARTLINE T "__import__('dnnuke.init.callbacks.on_user_create.tabs.camera', fromlist=\['makeProjectorNode']).makeLinkedProjectorNode()"}
 addUserKnob {26 ""}
 addUserKnob {7 hshake l "hero horiz shake" +DISABLED R -1 1}
 hshake {{curve x999 0 0 0 0 0 0 0 0 0 0 0 0 0 0 0 0 0 0 0 0 0 0 0 0 0 0 0 0 0 0 0 0 0 0 0 0 0 0 0 0 0 0 0 0 0 0 0 0 0 0 0 0 0 0 0 0 0 0 0 0 0 0 0 0 0 0 0 0 0 0 0 0 0 0 0 0 0 0 0 0 0 0 0 0 0 0 0 0 0 0 0 0 0 0 0 0 0 0 0 0 0 0 0 0 0 0 0 0 0 0 0 0 0 0 0 0 0 0 0 0 0 0 0 0 0 0 0 0 0 0 0 0 0 0 0 0 0 0 0 0 0 0 0 0 0 0}}
 addUserKnob {7 vshake l "hero vert shake" +DISABLED R -1 1}
 vshake {{curve x999 0 0 0 0 0 0 0 0 0 0 0 0 0 0 0 0 0 0 0 0 0 0 0 0 0 0 0 0 0 0 0 0 0 0 0 0 0 0 0 0 0 0 0 0 0 0 0 0 0 0 0 0 0 0 0 0 0 0 0 0 0 0 0 0 0 0 0 0 0 0 0 0 0 0 0 0 0 0 0 0 0 0 0 0 0 0 0 0 0 0 0 0 0 0 0 0 0 0 0 0 0 0 0 0 0 0 0 0 0 0 0 0 0 0 0 0 0 0 0 0 0 0 0 0 0 0 0 0 0 0 0 0 0 0 0 0 0 0 0 0 0 0 0 0 0 0}}
 addUserKnob {7 shakeroll l "hero shake roll" +DISABLED R -180 180}
 shakeroll {{curve x999 0 0 0 0 0 0 0 0 0 0 0 0 0 0 0 0 0 0 0 0 0 0 0 0 0 0 0 0 0 0 0 0 0 0 0 0 0 0 0 0 0 0 0 0 0 0 0 0 0 0 0 0 0 0 0 0 0 0 0 0 0 0 0 0 0 0 0 0 0 0 0 0 0 0 0 0 0 0 0 0 0 0 0 0 0 0 0 0 0 0 0 0 0 0 0 0 0 0 0 0 0 0 0 0 0 0 0 0 0 0 0 0 0 0 0 0 0 0 0 0 0 0 0 0 0 0 0 0 0 0 0 0 0 0 0 0 0 0 0 0 0 0 0 0 0 0}}
 addUserKnob {7 ahshake l "ambient horiz shake" +DISABLED R -1 1}
 ahshake {{curve x999 0 0 0 0 0 0 0 0 0 0 0 0 0 0 0 0 0 0 0 0 0 0 0 0 0 0 0 0 0 0 0 0 0 0 0 0 0 0 0 0 0 0 0 0 0 0 0 0 0 0 0 0 0 0 0 0 0 0 0 0 0 0 0 0 0 0 0 0 0 0 0 0 0 0 0 0 0 0 0 0 0 0 0 0 0 0 0 0 0 0 0 0 0 0 0 0 0 0 0 0 0 0 0 0 0 0 0 0 0 0 0 0 0 0 0 0 0 0 0 0 0 0 0 0 0 0 0 0 0 0 0 0 0 0 0 0 0 0 0 0 0 0 0 0 0 0}}
 addUserKnob {7 avshake l "ambient vert shake" +DISABLED R -1 1}
 avshake {{curve x999 0 0 0 0 0 0 0 0 0 0 0 0 0 0 0 0 0 0 0 0 0 0 0 0 0 0 0 0 0 0 0 0 0 0 0 0 0 0 0 0 0 0 0 0 0 0 0 0 0 0 0 0 0 0 0 0 0 0 0 0 0 0 0 0 0 0 0 0 0 0 0 0 0 0 0 0 0 0 0 0 0 0 0 0 0 0 0 0 0 0 0 0 0 0 0 0 0 0 0 0 0 0 0 0 0 0 0 0 0 0 0 0 0 0 0 0 0 0 0 0 0 0 0 0 0 0 0 0 0 0 0 0 0 0 0 0 0 0 0 0 0 0 0 0 0 0}}
 addUserKnob {7 ashakeroll l "ambient shake roll" +DISABLED R -180 180}
 ashakeroll {{curve x999 0 0 0 0 0 0 0 0 0 0 0 0 0 0 0 0 0 0 0 0 0 0 0 0 0 0 0 0 0 0 0 0 0 0 0 0 0 0 0 0 0 0 0 0 0 0 0 0 0 0 0 0 0 0 0 0 0 0 0 0 0 0 0 0 0 0 0 0 0 0 0 0 0 0 0 0 0 0 0 0 0 0 0 0 0 0 0 0 0 0 0 0 0 0 0 0 0 0 0 0 0 0 0 0 0 0 0 0 0 0 0 0 0 0 0 0 0 0 0 0 0 0 0 0 0 0 0 0 0 0 0 0 0 0 0 0 0 0 0 0 0 0 0 0 0 0}}
 addUserKnob {26 ""}
 addUserKnob {22 makeShakeCamera l "Make Shake Camera" T "__import__('dnnuke.init.callbacks.on_user_create.tabs.camera', fromlist=\['makeAmbientHeroShakeCamera']).makeAmbientHeroShakeCamera()" +STARTLINE}
 addUserKnob {22 makeShakeTransform l "Make Shake Transform" -STARTLINE T "__import__('dnnuke.init.callbacks.on_user_create.tabs.camera', fromlist=\['makeAmbientHeroShakeTransform']).makeAmbientHeroShakeTransform()"}
 addUserKnob {20 Ivy}
 addUserKnob {22 ivy_documentation l "Ivy Documentation" t "Open IvyTab documentation page in your web browser" T "__import__('dnnuke.utils.asst.common', fromlist=\['openDocsName']).openDocsName('IvyTab')" +STARTLINE}
 addUserKnob {26 divider4 l "" +STARTLINE}
 addUserKnob {1 _ivyVals l "" +STARTLINE +HIDDEN}
 _ivyVals "\{'ivy_job': '', 'ivy_usemanualuri': False, 'leafname': '', 'ivy_vnum': 0, 'ivy_twignametags': \{\}, 'ivy_shot': '', 'ivy_regex': False, 'ivy_type': '', 'ivy_versionquery': '', 'spider_uri': ''\}"
 addUserKnob {52 ivyTab l "" -STARTLINE T "__import__('nukescripts').panels.WidgetKnob(__import__('dnnuke.core.ivy.tab.widget.query', fromlist=\['getBoundKnob']).getBoundKnob(nuke.thisNode()))"}
 addUserKnob {1 _ivyFile l "" +STARTLINE +HIDDEN +INVISIBLE}
 _ivyFile /jobs/DRGRE/051_gss_0360/ivy/cam/C_051_gss_0360_cameratrack_fg01_v001/C_051_gss_0360_cameratrack_fg01_v001.abc
 addUserKnob {78 _expressions l "" -STARTLINE +HIDDEN +INVISIBLE n 1}
 _expressions {{curve}}
 addUserKnob {26 divider0 l "" +STARTLINE}
 addUserKnob {20 dbinfo l "DB Info" n 1}
 dbinfo 0
 addUserKnob {1 twig_dnuuid l "Twig Id"}
 twig_dnuuid 548ba202-d818-4ec4-bae7-68a21eab0fa5
 addUserKnob {1 stalk_dnuuid l "Stalk Id"}
 stalk_dnuuid dd5a41ca-ed24-4727-a997-41313d0bd46b
 addUserKnob {1 twigtype_dnuuid l "Twig Type Id"}
 twigtype_dnuuid d62f0cab-ff46-4c8e-b459-a230278cf967
 addUserKnob {1 leaf_dnuuid l "Leaf Id"}
 leaf_dnuuid 0d2a55a1-3dfe-4d0e-8123-c8bc6b58626e
 addUserKnob {26 divider1 l "" +STARTLINE}
 addUserKnob {1 twigtype l "Twig Type"}
 twigtype cam
 addUserKnob {1 leaf_label l Leaf}
 leaf_label alembic
 addUserKnob {1 ivy_version l Version}
 ivy_version 1
 addUserKnob {43 ivy_notes l Notes}
 ivy_notes "cameraTrack done at FL 36.45mm\nused Lidar ZMDL_environ_janaVillage_varA_lod610_v001\ncharacter pose at frame 1084"
 addUserKnob {26 divider2 l "" +STARTLINE}
 addUserKnob {1 build_label l "Build Label"}
 addUserKnob {20 dbinfoEndGroup l "DB Info" n -1}
 addUserKnob {20 abc_user_props l Alembic}
 addUserKnob {26 _info l Info T "User Properties\nImported camera properties are scaled from inches to millimetres."}
 addUserKnob {3 dneg_coc_blur l "Dneg Coc Blur"}
 addUserKnob {7 dneg_coc_scale l "Dneg Coc Scale"}
 dneg_coc_scale 1
 addUserKnob {6 dneg_dof l "Dneg Dof" -STARTLINE}
 dneg_dof true
 addUserKnob {6 dneg_dof_debug l "Dneg Dof Debug" -STARTLINE}
 dneg_dof_debug true
 addUserKnob {7 dneg_fStop l "Dneg F Stop"}
 dneg_fStop 1
 addUserKnob {6 dneg_fg_clip l "Dneg Fg Clip" -STARTLINE}
 dneg_fg_clip true
 addUserKnob {7 dneg_fg_clip_distance l "Dneg Fg Clip Distance"}
 dneg_fg_clip_distance 40
 addUserKnob {7 dneg_focus_distance l "Dneg Focus Distance"}
 dneg_focus_distance 5
 addUserKnob {7 dneg_max_coc l "Dneg Max Coc"}
 dneg_max_coc 20
 addUserKnob {7 focus l Focus}
 focus {{curve x999 41.66666673 41.66666673 41.66666673 41.66666673 41.66666673 41.66666673 41.66666673 41.66666673 41.66666673 41.66666673 41.66666673 41.66666673 41.66666673 41.66666673 41.66666673 41.66666673 41.66666673 41.66666673 41.66666673 41.66666673 41.66666673 41.66666673 41.66666673 41.66666673 41.66666673 41.66666673 41.66666673 41.66666673 41.66666673 41.66666673 41.66666673 41.66666673 41.66666673 41.66666673 41.66666673 41.66666673 41.66666673 41.66666673 41.66666673 41.66666673 41.66666673 41.66666673 41.66666673 41.66666673 41.66666673 41.66666673 41.66666673 41.66666673 41.66666673 41.66666673 41.66666673 41.66666673 41.66666673 41.66666673 41.66666673 41.66666673 41.66666673 41.66666673 41.66666673 41.66666673 41.66666673 41.66666673 41.66666673 41.66666673 41.66666673 41.66666673 41.66666673 41.66666673 41.66666673 41.66666673 41.66666673 41.66666673 41.66666673 41.66666673 41.66666673 41.66666673 41.66666673 41.66666673 41.66666673 41.66666673 41.66666673 41.66666673 41.66666673 41.66666673 41.66666673 41.66666673 41.66666673 41.66666673 41.66666673 41.66666673 41.66666673 41.66666673 41.66666673 41.66666673 41.66666673 41.66666673 41.66666673 41.66666673 41.66666673 41.66666673 41.66666673 41.66666673 41.66666673 41.66666673 41.66666673 41.66666673 41.66666673 41.66666673 41.66666673 41.66666673 41.66666673 41.66666673 41.66666673 41.66666673 41.66666673 41.66666673 41.66666673 41.66666673 41.66666673 41.66666673 41.66666673 41.66666673 41.66666673 41.66666673 41.66666673 41.66666673 41.66666673 41.66666673 41.66666673 41.66666673 41.66666673 41.66666673 41.66666673 41.66666673 41.66666673 41.66666673 41.66666673 41.66666673 41.66666673 41.66666673 41.66666673 41.66666673 41.66666673 41.66666673 41.66666673 41.66666673}}
 addUserKnob {1 id l Id}
 id fg01
 addUserKnob {7 lensProfileZoom l "Lens Profile Zoom"}
 lensProfileZoom {{curve x999 925.8352832 925.8352832 925.8352832 925.8352832 925.8352832 925.8352832 925.8352832 925.8352832 925.8352832 925.8352832 925.8352832 925.8352832 925.8352832 925.8352832 925.8352832 925.8352832 925.8352832 925.8352832 925.8352832 925.8352832 925.8352832 925.8352832 925.8352832 925.8352832 925.8352832 925.8352832 925.8352832 925.8352832 925.8352832 925.8352832 925.8352832 925.8352832 925.8352832 925.8352832 925.8352832 925.8352832 925.8352832 925.8352832 925.8352832 925.8352832 925.8352832 925.8352832 925.8352832 925.8352832 925.8352832 925.8352832 925.8352832 925.8352832 925.8352832 925.8352832 925.8352832 925.8352832 925.8352832 925.8352832 925.8352832 925.8352832 925.8352832 925.8352832 925.8352832 925.8352832 925.8352832 925.8352832 925.8352832 925.8352832 925.8352832 925.8352832 925.8352832 925.8352832 925.8352832 925.8352832 925.8352832 925.8352832 925.8352832 925.8352832 925.8352832 925.8352832 925.8352832 925.8352832 925.8352832 925.8352832 925.8352832 925.8352832 925.8352832 925.8352832 925.8352832 925.8352832 925.8352832 925.8352832 925.8352832 925.8352832 925.8352832 925.8352832 925.8352832 925.8352832 925.8352832 925.8352832 925.8352832 925.8352832 925.8352832 925.8352832 925.8352832 925.8352832 925.8352832 925.8352832 925.8352832 925.8352832 925.8352832 925.8352832 925.8352832 925.8352832 925.8352832 925.8352832 925.8352832 925.8352832 925.8352832 925.8352832 925.8352832 925.8352832 925.8352832 925.8352832 925.8352832 925.8352832 925.8352832 925.8352832 925.8352832 925.8352832 925.8352832 925.8352832 925.8352832 925.8352832 925.8352832 925.8352832 925.8352832 925.8352832 925.8352832 925.8352832 925.8352832 925.8352832 925.8352832 925.8352832 925.8352832 925.8352832 925.8352832 925.8352832 925.8352832 925.8352832}}
 addUserKnob {1 lensSolve l "Lens Solve"}
 lensSolve /jobs/DRGRE/051_gss_0360/ivy/lnd/LND_051_gss_0360_cameratrack_fg01_cid001_v001/LND_051_gss_0360_cameratrack_fg01_cid001_v001.lens
 addUserKnob {7 ambientShakeHorizontal l "Ambient Shake Horizontal"}
 ambientShakeHorizontal {{curve x999 0 0 0 0 0 0 0 0 0 0 0 0 0 0 0 0 0 0 0 0 0 0 0 0 0 0 0 0 0 0 0 0 0 0 0 0 0 0 0 0 0 0 0 0 0 0 0 0 0 0 0 0 0 0 0 0 0 0 0 0 0 0 0 0 0 0 0 0 0 0 0 0 0 0 0 0 0 0 0 0 0 0 0 0 0 0 0 0 0 0 0 0 0 0 0 0 0 0 0 0 0 0 0 0 0 0 0 0 0 0 0 0 0 0 0 0 0 0 0 0 0 0 0 0 0 0 0 0 0 0 0 0 0 0 0 0 0 0 0 0 0 0 0 0 0 0}}
 addUserKnob {7 ambientShakeRoll l "Ambient Shake Roll"}
 ambientShakeRoll {{curve x999 0 0 0 0 0 0 0 0 0 0 0 0 0 0 0 0 0 0 0 0 0 0 0 0 0 0 0 0 0 0 0 0 0 0 0 0 0 0 0 0 0 0 0 0 0 0 0 0 0 0 0 0 0 0 0 0 0 0 0 0 0 0 0 0 0 0 0 0 0 0 0 0 0 0 0 0 0 0 0 0 0 0 0 0 0 0 0 0 0 0 0 0 0 0 0 0 0 0 0 0 0 0 0 0 0 0 0 0 0 0 0 0 0 0 0 0 0 0 0 0 0 0 0 0 0 0 0 0 0 0 0 0 0 0 0 0 0 0 0 0 0 0 0 0 0 0}}
 addUserKnob {7 ambientShakeVertical l "Ambient Shake Vertical"}
 ambientShakeVertical {{curve x999 0 0 0 0 0 0 0 0 0 0 0 0 0 0 0 0 0 0 0 0 0 0 0 0 0 0 0 0 0 0 0 0 0 0 0 0 0 0 0 0 0 0 0 0 0 0 0 0 0 0 0 0 0 0 0 0 0 0 0 0 0 0 0 0 0 0 0 0 0 0 0 0 0 0 0 0 0 0 0 0 0 0 0 0 0 0 0 0 0 0 0 0 0 0 0 0 0 0 0 0 0 0 0 0 0 0 0 0 0 0 0 0 0 0 0 0 0 0 0 0 0 0 0 0 0 0 0 0 0 0 0 0 0 0 0 0 0 0 0 0 0 0 0 0 0 0}}
 addUserKnob {7 heroShakeHorizontal l "Hero Shake Horizontal"}
 heroShakeHorizontal {{curve x999 0 0 0 0 0 0 0 0 0 0 0 0 0 0 0 0 0 0 0 0 0 0 0 0 0 0 0 0 0 0 0 0 0 0 0 0 0 0 0 0 0 0 0 0 0 0 0 0 0 0 0 0 0 0 0 0 0 0 0 0 0 0 0 0 0 0 0 0 0 0 0 0 0 0 0 0 0 0 0 0 0 0 0 0 0 0 0 0 0 0 0 0 0 0 0 0 0 0 0 0 0 0 0 0 0 0 0 0 0 0 0 0 0 0 0 0 0 0 0 0 0 0 0 0 0 0 0 0 0 0 0 0 0 0 0 0 0 0 0 0 0 0 0 0 0 0}}
 addUserKnob {7 heroShakeRoll l "Hero Shake Roll"}
 heroShakeRoll {{curve x999 0 0 0 0 0 0 0 0 0 0 0 0 0 0 0 0 0 0 0 0 0 0 0 0 0 0 0 0 0 0 0 0 0 0 0 0 0 0 0 0 0 0 0 0 0 0 0 0 0 0 0 0 0 0 0 0 0 0 0 0 0 0 0 0 0 0 0 0 0 0 0 0 0 0 0 0 0 0 0 0 0 0 0 0 0 0 0 0 0 0 0 0 0 0 0 0 0 0 0 0 0 0 0 0 0 0 0 0 0 0 0 0 0 0 0 0 0 0 0 0 0 0 0 0 0 0 0 0 0 0 0 0 0 0 0 0 0 0 0 0 0 0 0 0 0 0}}
 addUserKnob {7 heroShakeVertical l "Hero Shake Vertical"}
 heroShakeVertical {{curve x999 0 0 0 0 0 0 0 0 0 0 0 0 0 0 0 0 0 0 0 0 0 0 0 0 0 0 0 0 0 0 0 0 0 0 0 0 0 0 0 0 0 0 0 0 0 0 0 0 0 0 0 0 0 0 0 0 0 0 0 0 0 0 0 0 0 0 0 0 0 0 0 0 0 0 0 0 0 0 0 0 0 0 0 0 0 0 0 0 0 0 0 0 0 0 0 0 0 0 0 0 0 0 0 0 0 0 0 0 0 0 0 0 0 0 0 0 0 0 0 0 0 0 0 0 0 0 0 0 0 0 0 0 0 0 0 0 0 0 0 0 0 0 0 0 0 0}}
 addUserKnob {7 horizontalFilmOffset l "Horizontal Film Offset"}
 horizontalFilmOffset {{curve x999 0 0 0 0 0 0 0 0 0 0 0 0 0 0 0 0 0 0 0 0 0 0 0 0 0 0 0 0 0 0 0 0 0 0 0 0 0 0 0 0 0 0 0 0 0 0 0 0 0 0 0 0 0 0 0 0 0 0 0 0 0 0 0 0 0 0 0 0 0 0 0 0 0 0 0 0 0 0 0 0 0 0 0 0 0 0 0 0 0 0 0 0 0 0 0 0 0 0 0 0 0 0 0 0 0 0 0 0 0 0 0 0 0 0 0 0 0 0 0 0 0 0 0 0 0 0 0 0 0 0 0 0 0 0 0 0 0 0 0 0 0 0 0 0 0 0}}
 addUserKnob {7 shakeHorizontal l "Shake Horizontal"}
 shakeHorizontal {{curve x999 0 0 0 0 0 0 0 0 0 0 0 0 0 0 0 0 0 0 0 0 0 0 0 0 0 0 0 0 0 0 0 0 0 0 0 0 0 0 0 0 0 0 0 0 0 0 0 0 0 0 0 0 0 0 0 0 0 0 0 0 0 0 0 0 0 0 0 0 0 0 0 0 0 0 0 0 0 0 0 0 0 0 0 0 0 0 0 0 0 0 0 0 0 0 0 0 0 0 0 0 0 0 0 0 0 0 0 0 0 0 0 0 0 0 0 0 0 0 0 0 0 0 0 0 0 0 0 0 0 0 0 0 0 0 0 0 0 0 0 0 0 0 0 0 0 0}}
 addUserKnob {7 shakeRoll l "Shake Roll"}
 shakeRoll {{curve x999 0 0 0 0 0 0 0 0 0 0 0 0 0 0 0 0 0 0 0 0 0 0 0 0 0 0 0 0 0 0 0 0 0 0 0 0 0 0 0 0 0 0 0 0 0 0 0 0 0 0 0 0 0 0 0 0 0 0 0 0 0 0 0 0 0 0 0 0 0 0 0 0 0 0 0 0 0 0 0 0 0 0 0 0 0 0 0 0 0 0 0 0 0 0 0 0 0 0 0 0 0 0 0 0 0 0 0 0 0 0 0 0 0 0 0 0 0 0 0 0 0 0 0 0 0 0 0 0 0 0 0 0 0 0 0 0 0 0 0 0 0 0 0 0 0 0}}
 addUserKnob {7 shakeVertical l "Shake Vertical"}
 shakeVertical {{curve x999 0 0 0 0 0 0 0 0 0 0 0 0 0 0 0 0 0 0 0 0 0 0 0 0 0 0 0 0 0 0 0 0 0 0 0 0 0 0 0 0 0 0 0 0 0 0 0 0 0 0 0 0 0 0 0 0 0 0 0 0 0 0 0 0 0 0 0 0 0 0 0 0 0 0 0 0 0 0 0 0 0 0 0 0 0 0 0 0 0 0 0 0 0 0 0 0 0 0 0 0 0 0 0 0 0 0 0 0 0 0 0 0 0 0 0 0 0 0 0 0 0 0 0 0 0 0 0 0 0 0 0 0 0 0 0 0 0 0 0 0 0 0 0 0 0 0}}
 addUserKnob {7 verticalFilmOffset l "Vertical Film Offset"}
 verticalFilmOffset {{curve x999 0 0 0 0 0 0 0 0 0 0 0 0 0 0 0 0 0 0 0 0 0 0 0 0 0 0 0 0 0 0 0 0 0 0 0 0 0 0 0 0 0 0 0 0 0 0 0 0 0 0 0 0 0 0 0 0 0 0 0 0 0 0 0 0 0 0 0 0 0 0 0 0 0 0 0 0 0 0 0 0 0 0 0 0 0 0 0 0 0 0 0 0 0 0 0 0 0 0 0 0 0 0 0 0 0 0 0 0 0 0 0 0 0 0 0 0 0 0 0 0 0 0 0 0 0 0 0 0 0 0 0 0 0 0 0 0 0 0 0 0 0 0 0 0 0 0}}
 addUserKnob {20 AssetPackage}
 addUserKnob {1 apkg_path l path}
 apkg_path renderCam/camera
}
Dot {
 name Dot5
 selected true
 xpos -101
 ypos 65
}
set N2a0be110 [stack 0]
FillMat {
 inputs 0
 name FillMat2
 tile_color 0x1a3f2d00
 selected true
 xpos 864
 ypos -163
}
Grade {
 name Grade1
 selected true
 xpos 864
 ypos -137
}
set N17df0cc0 [stack 0]
ReadGeo2 {
 inputs 0
 file /jobs/DRGRE/051_gss_0360/ivy/gch/GCH_051_gss_0360_environ_janaVillage_janaVillageTree_layout_environ_janaVillageTree_001_prop_renderGeo_lod300_v003/GCH_051_gss_0360_environ_janaVillage_janaVillageTree_layout_environ_janaVillageTree_001_prop_renderGeo_lod300_v003.abc
 version 1
 read_on_each_frame true
 use_geometry_colors false
 range_first 0
 range_last 1096
 useMatrix true
 scene_view {{0} imported: 0 1 2 3 4 5 6 7 8 9 10 11 12 13 14 15 16 17 18 19 20 21 22 23 24 25 26 27 28 29 30 31 32 33 34 35 36 37 38 39 40 41 42 43 44 45 46 47 48 49 50 51 52 53 54 55 56 57 58 59 60 61 62 63 64 65 66 67 68 69 70 71 72 73 74 75 76 77 78 79 80 81 82 83 84 85 86 87 88 89 90 91 92 93 94 95 96 97 98 99 100 101 102 103 104 105 106 107 108 109 110 111 112 113 114 115 116 117 118 119 120 121 122 123 124 125 126 127 128 129 130 131 132 133 134 135 136 137 138 139 140 141 142 143 144 145 146 147 148 149 150 151 152 153 154 155 156 157 158 159 160 161 162 163 164 165 166 167 168 169 170 171 172 173 174 175 176 177 178 179 180 181 182 183 184 185 186 187 188 189 190 191 192 193 194 195 196 197 198 199 selected: 0 1 2 3 4 5 6 7 8 9 10 11 12 13 14 15 16 17 18 19 20 21 22 23 24 25 26 27 28 29 30 31 32 33 34 35 36 37 38 39 40 41 42 43 44 45 46 47 48 49 50 51 52 53 54 55 56 57 58 59 60 61 62 63 64 65 66 67 68 69 70 71 72 73 74 75 76 77 78 79 80 81 82 83 84 85 86 87 88 89 90 91 92 93 94 95 96 97 98 99 100 101 102 103 104 105 106 107 108 109 110 111 112 113 114 115 116 117 118 119 120 121 122 123 124 125 126 127 128 129 130 131 132 133 134 135 136 137 138 139 140 141 142 143 144 145 146 147 148 149 150 151 152 153 154 155 156 157 158 159 160 161 162 163 164 165 166 167 168 169 170 171 172 173 174 175 176 177 178 179 180 181 182 183 184 185 186 187 188 189 190 191 192 193 194 195 196 197 198 199 items: /root/janaVillageTree/janaVillageTree_grp/treeTop_grp/branches_level_tpB_grp/branches_level_B_001__wood_geo/branches_level_B_001__wood_geoShape /root/janaVillageTree/janaVillageTree_grp/treeTop_grp/branches_level_tpB_grp/branches_level_B_002__wood_geo/branches_level_B_002__wood_geoShape /root/janaVillageTree/janaVillageTree_grp/treeTop_grp/branches_level_tpB_grp/branches_level_B_003__wood_geo/branches_level_B_003__wood_geoShape /root/janaVillageTree/janaVillageTree_grp/treeTop_grp/branches_level_tpB_grp/branches_level_B_004__wood_geo/branches_level_B_004__wood_geoShape /root/janaVillageTree/janaVillageTree_grp/treeTop_grp/branches_level_tpB_grp/branches_level_B_005__wood_geo/branches_level_B_005__wood_geoShape /root/janaVillageTree/janaVillageTree_grp/treeTop_grp/branches_level_tpB_grp/branches_level_B_006__wood_geo/branches_level_B_006__wood_geoShape /root/janaVillageTree/janaVillageTree_grp/treeTop_grp/branches_level_tpB_grp/branches_level_B_007__wood_geo/branches_level_B_007__wood_geoShape /root/janaVillageTree/janaVillageTree_grp/treeTop_grp/branches_level_tpB_grp/branches_level_B_008__wood_geo/branches_level_B_008__wood_geoShape /root/janaVillageTree/janaVillageTree_grp/treeTop_grp/branches_level_tpB_grp/branches_level_B_009__wood_geo/branches_level_B_009__wood_geoShape /root/janaVillageTree/janaVillageTree_grp/treeTop_grp/branches_level_tpB_grp/branches_level_B_010__wood_geo/branches_level_B_010__wood_geoShape /root/janaVillageTree/janaVillageTree_grp/treeTop_grp/branches_level_tpB_grp/branches_level_B_011__wood_geo/branches_level_B_011__wood_geoShape /root/janaVillageTree/janaVillageTree_grp/treeTop_grp/branches_level_tpB_grp/branches_level_B_012__wood_geo/branches_level_B_012__wood_geoShape /root/janaVillageTree/janaVillageTree_grp/treeTop_grp/branches_level_tpB_grp/branches_level_B_013__wood_geo/branches_level_B_013__wood_geoShape /root/janaVillageTree/janaVillageTree_grp/treeTop_grp/branches_level_tpB_grp/branches_level_B_017__wood_geo/branches_level_B_017__wood_geoShape /root/janaVillageTree/janaVillageTree_grp/treeTop_grp/branches_level_tpB_grp/branches_level_B_018__wood_geo/branches_level_B_018__wood_geoShape /root/janaVillageTree/janaVillageTree_grp/treeTop_grp/branches_level_tpB_grp/branches_level_B_019__wood_geo/branches_level_B_019__wood_geoShape /root/janaVillageTree/janaVillageTree_grp/treeTop_grp/branches_level_tpB_grp/branches_level_B_020__wood_geo/branches_level_B_020__wood_geoShape /root/janaVillageTree/janaVillageTree_grp/treeTop_grp/branches_level_tpB_grp/branches_level_B_021__wood_geo/branches_level_B_021__wood_geoShape /root/janaVillageTree/janaVillageTree_grp/treeTop_grp/branches_level_tpB_grp/branches_level_B_022__wood_geo/branches_level_B_022__wood_geoShape /root/janaVillageTree/janaVillageTree_grp/treeTop_grp/branches_level_tpB_grp/branches_level_B_023__wood_geo/branches_level_B_023__wood_geoShape /root/janaVillageTree/janaVillageTree_grp/treeTop_grp/branches_level_tpB_grp/branches_level_B_024__wood_geo/branches_level_B_024__wood_geoShape /root/janaVillageTree/janaVillageTree_grp/treeTop_grp/branches_level_tpB_grp/branches_level_B_025__wood_geo/branches_level_B_025__wood_geoShape /root/janaVillageTree/janaVillageTree_grp/treeTop_grp/branches_level_tpB_grp/branches_level_B_026__wood_geo/branches_level_B_026__wood_geoShape /root/janaVillageTree/janaVillageTree_grp/treeTop_grp/branches_level_tpB_grp/branches_level_B_027__wood_geo/branches_level_B_027__wood_geoShape /root/janaVillageTree/janaVillageTree_grp/treeTop_grp/branches_level_tpB_grp/branches_level_B_028__wood_geo/branches_level_B_028__wood_geoShape /root/janaVillageTree/janaVillageTree_grp/treeTop_grp/branches_level_tpB_grp/branches_level_B_029__wood_geo/branches_level_B_029__wood_geoShape /root/janaVillageTree/janaVillageTree_grp/treeTop_grp/branches_level_tpB_grp/branches_level_B_030__wood_geo/branches_level_B_030__wood_geoShape /root/janaVillageTree/janaVillageTree_grp/treeTop_grp/branches_level_tpB_grp/branches_level_B_031__wood_geo/branches_level_B_031__wood_geoShape /root/janaVillageTree/janaVillageTree_grp/treeTop_grp/branches_level_tpB_grp/branches_level_B_032__wood_geo/branches_level_B_032__wood_geoShape /root/janaVillageTree/janaVillageTree_grp/treeTop_grp/branches_level_tpB_grp/branches_level_B_033__wood_geo/branches_level_B_033__wood_geoShape /root/janaVillageTree/janaVillageTree_grp/treeTop_grp/branches_level_tpB_grp/branches_level_B_034__wood_geo/branches_level_B_034__wood_geoShape /root/janaVillageTree/janaVillageTree_grp/treeTop_grp/branches_level_tpB_grp/branches_level_B_035__wood_geo/branches_level_B_035__wood_geoShape /root/janaVillageTree/janaVillageTree_grp/treeTop_grp/branches_level_tpB_grp/branches_level_B_036__wood_geo/branches_level_B_036__wood_geoShape /root/janaVillageTree/janaVillageTree_grp/treeTop_grp/branches_level_tpB_grp/branches_level_B_037__wood_geo/branches_level_B_037__wood_geoShape /root/janaVillageTree/janaVillageTree_grp/treeTop_grp/branches_level_tpB_grp/branches_level_B_038__wood_geo/branches_level_B_038__wood_geoShape /root/janaVillageTree/janaVillageTree_grp/treeTop_grp/branches_level_tpB_grp/branches_level_B_039__wood_geo/branches_level_B_039__wood_geoShape /root/janaVillageTree/janaVillageTree_grp/treeTop_grp/branches_level_tpB_grp/branches_level_B_040__wood_geo/branches_level_B_040__wood_geoShape /root/janaVillageTree/janaVillageTree_grp/treeTop_grp/branches_level_tpB_grp/branches_level_B_041__wood_geo/branches_level_B_041__wood_geoShape /root/janaVillageTree/janaVillageTree_grp/treeTop_grp/branches_level_tpB_grp/branches_level_B_042__wood_geo/branches_level_B_042__wood_geoShape /root/janaVillageTree/janaVillageTree_grp/treeTop_grp/branches_level_tpB_grp/branches_level_B_043__wood_geo/branches_level_B_043__wood_geoShape /root/janaVillageTree/janaVillageTree_grp/treeTop_grp/branches_level_tpB_grp/branches_level_B_045__wood_geo/branches_level_B_045__wood_geoShape /root/janaVillageTree/janaVillageTree_grp/treeTop_grp/branches_level_tpB_grp/branches_level_B_01628__wood_geo/branches_level_B_01628__wood_geoShape /root/janaVillageTree/janaVillageTree_grp/treeTop_grp/branches_level_tpB_grp/branches_level_B_01629__wood_geo/branches_level_B_01629__wood_geoShape /root/janaVillageTree/janaVillageTree_grp/treeTop_grp/branches_level_tpB_grp/branches_level_B_01630__wood_geo/branches_level_B_01630__wood_geoShape /root/janaVillageTree/janaVillageTree_grp/treeTop_grp/branches_level_tpB_grp/branches_level_B_01631__wood_geo/branches_level_B_01631__wood_geoShape /root/janaVillageTree/janaVillageTree_grp/treeTop_grp/branches_level_tpB_grp/branches_level_B_01632__wood_geo/branches_level_B_01632__wood_geoShape /root/janaVillageTree/janaVillageTree_grp/treeTop_grp/branches_level_tpB_grp/branches_level_B_01633__wood_geo/branches_level_B_01633__wood_geoShape /root/janaVillageTree/janaVillageTree_grp/treeTop_grp/branches_level_tpB_grp/branches_level_B_01634__wood_geo/branches_level_B_01634__wood_geoShape /root/janaVillageTree/janaVillageTree_grp/treeTop_grp/branches_level_tpC_grp/branches_level_C_001__wood_geo/branches_level_C_001__wood_geoShape /root/janaVillageTree/janaVillageTree_grp/treeTop_grp/branches_level_tpC_grp/branches_level_C_002__wood_geo/branches_level_C_002__wood_geoShape /root/janaVillageTree/janaVillageTree_grp/treeTop_grp/branches_level_tpC_grp/branches_level_C_003__wood_geo/branches_level_C_003__wood_geoShape /root/janaVillageTree/janaVillageTree_grp/treeTop_grp/branches_level_tpC_grp/branches_level_C_004__wood_geo/branches_level_C_004__wood_geoShape /root/janaVillageTree/janaVillageTree_grp/treeTop_grp/branches_level_tpC_grp/branches_level_C_005__wood_geo/branches_level_C_005__wood_geoShape /root/janaVillageTree/janaVillageTree_grp/treeTop_grp/branches_level_tpC_grp/branches_level_C_006__wood_geo/branches_level_C_006__wood_geoShape /root/janaVillageTree/janaVillageTree_grp/treeTop_grp/branches_level_tpC_grp/branches_level_C_007__wood_geo/branches_level_C_007__wood_geoShape /root/janaVillageTree/janaVillageTree_grp/treeTop_grp/branches_level_tpC_grp/branches_level_C_008__wood_geo/branches_level_C_008__wood_geoShape /root/janaVillageTree/janaVillageTree_grp/treeTop_grp/branches_level_tpC_grp/branches_level_C_009__wood_geo/branches_level_C_009__wood_geoShape /root/janaVillageTree/janaVillageTree_grp/treeTop_grp/branches_level_tpC_grp/branches_level_C_010__wood_geo/branches_level_C_010__wood_geoShape /root/janaVillageTree/janaVillageTree_grp/treeTop_grp/branches_level_tpC_grp/branches_level_C_011__wood_geo/branches_level_C_011__wood_geoShape /root/janaVillageTree/janaVillageTree_grp/treeTop_grp/branches_level_tpC_grp/branches_level_C_012__wood_geo/branches_level_C_012__wood_geoShape /root/janaVillageTree/janaVillageTree_grp/treeTop_grp/branches_level_tpC_grp/branches_level_C_013__wood_geo/branches_level_C_013__wood_geoShape /root/janaVillageTree/janaVillageTree_grp/treeTop_grp/branches_level_tpC_grp/branches_level_C_014__wood_geo/branches_level_C_014__wood_geoShape /root/janaVillageTree/janaVillageTree_grp/treeTop_grp/branches_level_tpC_grp/branches_level_C_015__wood_geo/branches_level_C_015__wood_geoShape /root/janaVillageTree/janaVillageTree_grp/treeTop_grp/branches_level_tpC_grp/branches_level_C_016__wood_geo/branches_level_C_016__wood_geoShape /root/janaVillageTree/janaVillageTree_grp/treeTop_grp/branches_level_tpC_grp/branches_level_C_017__wood_geo/branches_level_C_017__wood_geoShape /root/janaVillageTree/janaVillageTree_grp/treeTop_grp/branches_level_tpC_grp/branches_level_C_025__wood_geo/branches_level_C_025__wood_geoShape /root/janaVillageTree/janaVillageTree_grp/treeTop_grp/branches_level_tpC_grp/branches_level_C_026__wood_geo/branches_level_C_026__wood_geoShape /root/janaVillageTree/janaVillageTree_grp/treeTop_grp/branches_level_tpC_grp/branches_level_C_027__wood_geo/branches_level_C_027__wood_geoShape /root/janaVillageTree/janaVillageTree_grp/treeTop_grp/branches_level_tpC_grp/branches_level_C_028__wood_geo/branches_level_C_028__wood_geoShape /root/janaVillageTree/janaVillageTree_grp/treeTop_grp/branches_level_tpC_grp/branches_level_C_029__wood_geo/branches_level_C_029__wood_geoShape /root/janaVillageTree/janaVillageTree_grp/treeTop_grp/branches_level_tpC_grp/branches_level_C_030__wood_geo/branches_level_C_030__wood_geoShape /root/janaVillageTree/janaVillageTree_grp/treeTop_grp/branches_level_tpC_grp/branches_level_C_031__wood_geo/branches_level_C_031__wood_geoShape /root/janaVillageTree/janaVillageTree_grp/treeTop_grp/branches_level_tpC_grp/branches_level_C_032__wood_geo/branches_level_C_032__wood_geoShape /root/janaVillageTree/janaVillageTree_grp/treeTop_grp/branches_level_tpC_grp/branches_level_C_033__wood_geo/branches_level_C_033__wood_geoShape /root/janaVillageTree/janaVillageTree_grp/treeTop_grp/branches_level_tpC_grp/branches_level_C_034__wood_geo/branches_level_C_034__wood_geoShape /root/janaVillageTree/janaVillageTree_grp/treeTop_grp/branches_level_tpC_grp/branches_level_C_035__wood_geo/branches_level_C_035__wood_geoShape /root/janaVillageTree/janaVillageTree_grp/treeTop_grp/branches_level_tpC_grp/branches_level_C_036__wood_geo/branches_level_C_036__wood_geoShape /root/janaVillageTree/janaVillageTree_grp/treeTop_grp/branches_level_tpC_grp/branches_level_C_037__wood_geo/branches_level_C_037__wood_geoShape /root/janaVillageTree/janaVillageTree_grp/treeTop_grp/branches_level_tpC_grp/branches_level_C_038__wood_geo/branches_level_C_038__wood_geoShape /root/janaVillageTree/janaVillageTree_grp/treeTop_grp/branches_level_tpC_grp/branches_level_C_039__wood_geo/branches_level_C_039__wood_geoShape /root/janaVillageTree/janaVillageTree_grp/treeTop_grp/branches_level_tpC_grp/branches_level_C_040__wood_geo/branches_level_C_040__wood_geoShape /root/janaVillageTree/janaVillageTree_grp/treeTop_grp/branches_level_tpC_grp/branches_level_C_041__wood_geo/branches_level_C_041__wood_geoShape /root/janaVillageTree/janaVillageTree_grp/treeTop_grp/branches_level_tpC_grp/branches_level_C_042__wood_geo/branches_level_C_042__wood_geoShape /root/janaVillageTree/janaVillageTree_grp/treeTop_grp/branches_level_tpC_grp/branches_level_C_043__wood_geo/branches_level_C_043__wood_geoShape /root/janaVillageTree/janaVillageTree_grp/treeTop_grp/branches_level_tpC_grp/branches_level_C_044__wood_geo/branches_level_C_044__wood_geoShape /root/janaVillageTree/janaVillageTree_grp/treeTop_grp/branches_level_tpC_grp/branches_level_C_045__wood_geo/branches_level_C_045__wood_geoShape /root/janaVillageTree/janaVillageTree_grp/treeTop_grp/branches_level_tpC_grp/branches_level_C_046__wood_geo/branches_level_C_046__wood_geoShape /root/janaVillageTree/janaVillageTree_grp/treeTop_grp/branches_level_tpC_grp/branches_level_C_047__wood_geo/branches_level_C_047__wood_geoShape /root/janaVillageTree/janaVillageTree_grp/treeTop_grp/branches_level_tpC_grp/branches_level_C_048__wood_geo/branches_level_C_048__wood_geoShape /root/janaVillageTree/janaVillageTree_grp/treeTop_grp/branches_level_tpC_grp/branches_level_C_049__wood_geo/branches_level_C_049__wood_geoShape /root/janaVillageTree/janaVillageTree_grp/treeTop_grp/branches_level_tpC_grp/branches_level_C_050__wood_geo/branches_level_C_050__wood_geoShape /root/janaVillageTree/janaVillageTree_grp/treeTop_grp/branches_level_tpC_grp/branches_level_C_051__wood_geo/branches_level_C_051__wood_geoShape /root/janaVillageTree/janaVillageTree_grp/treeTop_grp/branches_level_tpC_grp/branches_level_C_052__wood_geo/branches_level_C_052__wood_geoShape /root/janaVillageTree/janaVillageTree_grp/treeTop_grp/branches_level_tpD_grp/branches_level_D_001__wood_geo/branches_level_D_001__wood_geoShape /root/janaVillageTree/janaVillageTree_grp/treeTop_grp/branches_level_tpD_grp/branches_level_D_002__wood_geo/branches_level_D_002__wood_geoShape /root/janaVillageTree/janaVillageTree_grp/treeTop_grp/branches_level_tpD_grp/branches_level_D_004__wood_geo/branches_level_D_004__wood_geoShape /root/janaVillageTree/janaVillageTree_grp/treeTop_grp/branches_level_tpD_grp/branches_level_D_005__wood_geo/branches_level_D_005__wood_geoShape /root/janaVillageTree/janaVillageTree_grp/treeTop_grp/branches_level_tpD_grp/branches_level_D_006__wood_geo/branches_level_D_006__wood_geoShape /root/janaVillageTree/janaVillageTree_grp/treeTop_grp/branches_level_tpD_grp/branches_level_D_007__wood_geo/branches_level_D_007__wood_geoShape /root/janaVillageTree/janaVillageTree_grp/treeTop_grp/branches_level_tpD_grp/branches_level_D_008__wood_geo/branches_level_D_008__wood_geoShape /root/janaVillageTree/janaVillageTree_grp/treeTop_grp/branches_level_tpD_grp/branches_level_D_009__wood_geo/branches_level_D_009__wood_geoShape /root/janaVillageTree/janaVillageTree_grp/treeTop_grp/branches_level_tpD_grp/branches_level_D_010__wood_geo/branches_level_D_010__wood_geoShape /root/janaVillageTree/janaVillageTree_grp/treeTop_grp/branches_level_tpD_grp/branches_level_D_011__wood_geo/branches_level_D_011__wood_geoShape /root/janaVillageTree/janaVillageTree_grp/treeTop_grp/branches_level_tpD_grp/branches_level_D_015__wood_geo/branches_level_D_015__wood_geoShape /root/janaVillageTree/janaVillageTree_grp/treeTop_grp/branches_level_tpD_grp/branches_level_D_016__wood_geo/branches_level_D_016__wood_geoShape /root/janaVillageTree/janaVillageTree_grp/treeTop_grp/branches_level_tpD_grp/branches_level_D_017__wood_geo/branches_level_D_017__wood_geoShape /root/janaVillageTree/janaVillageTree_grp/treeTop_grp/branches_level_tpD_grp/branches_level_D_018__wood_geo/branches_level_D_018__wood_geoShape /root/janaVillageTree/janaVillageTree_grp/treeTop_grp/branches_level_tpD_grp/branches_level_D_019__wood_geo/branches_level_D_019__wood_geoShape /root/janaVillageTree/janaVillageTree_grp/treeTop_grp/branches_level_tpD_grp/branches_level_D_020__wood_geo/branches_level_D_020__wood_geoShape /root/janaVillageTree/janaVillageTree_grp/treeTop_grp/branches_level_tpD_grp/branches_level_D_021__wood_geo/branches_level_D_021__wood_geoShape /root/janaVillageTree/janaVillageTree_grp/treeTop_grp/branches_level_tpD_grp/branches_level_D_022__wood_geo/branches_level_D_022__wood_geoShape /root/janaVillageTree/janaVillageTree_grp/treeTop_grp/branches_level_tpD_grp/branches_level_D_023__wood_geo/branches_level_D_023__wood_geoShape /root/janaVillageTree/janaVillageTree_grp/treeTop_grp/branches_level_tpD_grp/branches_level_D_024__wood_geo/branches_level_D_024__wood_geoShape /root/janaVillageTree/janaVillageTree_grp/treeTop_grp/twig_level_tpE_grp/twig_level_E_001__wood_geo/twig_level_E_001__wood_geoShape /root/janaVillageTree/janaVillageTree_grp/treeTop_grp/twig_level_tpE_grp/twig_level_E_002__wood_geo/twig_level_E_002__wood_geoShape /root/janaVillageTree/janaVillageTree_grp/treeTop_grp/twig_level_tpE_grp/twig_level_E_003__wood_geo/twig_level_E_003__wood_geoShape /root/janaVillageTree/janaVillageTree_grp/treeTop_grp/twig_level_tpE_grp/twig_level_E_004__wood_geo/twig_level_E_004__wood_geoShape /root/janaVillageTree/janaVillageTree_grp/treeTop_grp/twig_level_tpE_grp/twig_level_E_005__wood_geo/twig_level_E_005__wood_geoShape /root/janaVillageTree/janaVillageTree_grp/treeTop_grp/twig_level_tpE_grp/twig_level_E_006__wood_geo/twig_level_E_006__wood_geoShape /root/janaVillageTree/janaVillageTree_grp/treeTop_grp/twig_level_tpE_grp/twig_level_E_007__wood_geo/twig_level_E_007__wood_geoShape /root/janaVillageTree/janaVillageTree_grp/treeTop_grp/twig_level_tpE_grp/twig_level_E_008__wood_geo/twig_level_E_008__wood_geoShape /root/janaVillageTree/janaVillageTree_grp/treeTop_grp/twig_level_tpE_grp/twig_level_E_009__wood_geo/twig_level_E_009__wood_geoShape /root/janaVillageTree/janaVillageTree_grp/treeTop_grp/twig_level_tpE_grp/twig_level_E_010__wood_geo/twig_level_E_010__wood_geoShape /root/janaVillageTree/janaVillageTree_grp/treeTop_grp/twig_level_tpE_grp/twig_level_E_011__wood_geo/twig_level_E_011__wood_geoShape /root/janaVillageTree/janaVillageTree_grp/treeTop_grp/twig_level_tpE_grp/twig_level_E_012__wood_geo/twig_level_E_012__wood_geoShape /root/janaVillageTree/janaVillageTree_grp/treeTop_grp/twig_level_tpE_grp/twig_level_E_013__wood_geo/twig_level_E_013__wood_geoShape /root/janaVillageTree/janaVillageTree_grp/treeTop_grp/twig_level_tpE_grp/twig_level_E_014__wood_geo/twig_level_E_014__wood_geoShape /root/janaVillageTree/janaVillageTree_grp/treeTop_grp/twig_level_tpE_grp/twig_level_E_015__wood_geo/twig_level_E_015__wood_geoShape /root/janaVillageTree/janaVillageTree_grp/treeTop_grp/twig_level_tpE_grp/twig_level_E_016__wood_geo/twig_level_E_016__wood_geoShape /root/janaVillageTree/janaVillageTree_grp/treeTop_grp/twig_level_tpE_grp/twig_level_E_017__wood_geo/twig_level_E_017__wood_geoShape /root/janaVillageTree/janaVillageTree_grp/treeTop_grp/twig_level_tpE_grp/twig_level_E_018__wood_geo/twig_level_E_018__wood_geoShape /root/janaVillageTree/janaVillageTree_grp/treeTop_grp/twig_level_tpE_grp/twig_level_E_019__wood_geo/twig_level_E_019__wood_geoShape /root/janaVillageTree/janaVillageTree_grp/treeTop_grp/twig_level_tpE_grp/twig_level_E_020__wood_geo/twig_level_E_020__wood_geoShape /root/janaVillageTree/janaVillageTree_grp/treeTop_grp/twig_level_tpE_grp/twig_level_E_021__wood_geo/twig_level_E_021__wood_geoShape /root/janaVillageTree/janaVillageTree_grp/treeTop_grp/twig_level_tpE_grp/twig_level_E_022__wood_geo/twig_level_E_022__wood_geoShape /root/janaVillageTree/janaVillageTree_grp/treeTop_grp/twig_level_tpE_grp/twig_level_E_023__wood_geo/twig_level_E_023__wood_geoShape /root/janaVillageTree/janaVillageTree_grp/treeTop_grp/twig_level_tpE_grp/twig_level_E_024__wood_geo/twig_level_E_024__wood_geoShape /root/janaVillageTree/janaVillageTree_grp/treeTop_grp/twig_level_tpE_grp/twig_level_E_025__wood_geo/twig_level_E_025__wood_geoShape /root/janaVillageTree/janaVillageTree_grp/treeTop_grp/twig_level_tpE_grp/twig_level_E_026__wood_geo/twig_level_E_026__wood_geoShape /root/janaVillageTree/janaVillageTree_grp/treeTop_grp/twig_level_tpE_grp/twig_level_E_027__wood_geo/twig_level_E_027__wood_geoShape /root/janaVillageTree/janaVillageTree_grp/treeTop_grp/twig_level_tpE_grp/twig_level_E_028__wood_geo/twig_level_E_028__wood_geoShape /root/janaVillageTree/janaVillageTree_grp/treeTop_grp/twig_level_tpE_grp/twig_level_E_029__wood_geo/twig_level_E_029__wood_geoShape /root/janaVillageTree/janaVillageTree_grp/treeTop_grp/trunck_A_1__wood_geo/trunck_A_1__wood_geoShape /root/janaVillageTree/janaVillageTree_grp/treeTop_grp/leaves_grp/leaves_001__foliage_geo/leaves_001__foliage_geoShape /root/janaVillageTree/janaVillageTree_grp/treeTop_grp/leaves_grp/leaves_002__foliage_geo/leaves_002__foliage_geoShape /root/janaVillageTree/janaVillageTree_grp/treeTop_grp/leaves_grp/leaves_003__foliage_geo/leaves_003__foliage_geoShape /root/janaVillageTree/janaVillageTree_grp/treeTop_grp/leaves_grp/leaves_004__foliage_geo/leaves_004__foliage_geoShape /root/janaVillageTree/janaVillageTree_grp/treeTop_grp/leaves_grp/leaves_005__foliage_geo/leaves_005__foliage_geoShape /root/janaVillageTree/janaVillageTree_grp/treeTop_grp/leaves_grp/leaves_006__foliage_geo/leaves_006__foliage_geoShape /root/janaVillageTree/janaVillageTree_grp/treeTop_grp/leaves_grp/leaves_007__foliage_geo/leaves_007__foliage_geoShape /root/janaVillageTree/janaVillageTree_grp/treeTop_grp/leaves_grp/leaves_008__foliage_geo/leaves_008__foliage_geoShape /root/janaVillageTree/janaVillageTree_grp/treeTop_grp/leaves_grp/leaves_009__foliage_geo/leaves_009__foliage_geoShape /root/janaVillageTree/janaVillageTree_grp/treeTop_grp/leaves_grp/leaves_010__foliage_geo/leaves_010__foliage_geoShape /root/janaVillageTree/janaVillageTree_grp/treeTop_grp/leaves_grp/leaves_011__foliage_geo/leaves_011__foliage_geoShape /root/janaVillageTree/janaVillageTree_grp/treeTop_grp/leaves_grp/leaves_012__foliage_geo/leaves_012__foliage_geoShape /root/janaVillageTree/janaVillageTree_grp/treeTop_grp/leaves_grp/leaves_013__foliage_geo/leaves_013__foliage_geoShape /root/janaVillageTree/janaVillageTree_grp/treeTop_grp/leaves_grp/leaves_014__foliage_geo/leaves_014__foliage_geoShape /root/janaVillageTree/janaVillageTree_grp/treeTop_grp/leaves_grp/leaves_015__foliage_geo/leaves_015__foliage_geoShape /root/janaVillageTree/janaVillageTree_grp/treeTop_grp/leaves_grp/leaves_016__foliage_geo/leaves_016__foliage_geoShape /root/janaVillageTree/janaVillageTree_grp/treeTop_grp/leaves_grp/leaves_017__foliage_geo/leaves_017__foliage_geoShape /root/janaVillageTree/janaVillageTree_grp/treeTop_grp/leaves_grp/leaves_018__foliage_geo/leaves_018__foliage_geoShape /root/janaVillageTree/janaVillageTree_grp/treeTop_grp/leaves_grp/leaves_019__foliage_geo/leaves_019__foliage_geoShape /root/janaVillageTree/janaVillageTree_grp/treeBottom_grp/trunck_A_2__wood_geo/trunck_A_2__wood_geoShape /root/janaVillageTree/janaVillageTree_grp/treeBottom_grp/branches_level_btB_grp/branches_level_B_014__wood_geo/branches_level_B_014__wood_geoShape /root/janaVillageTree/janaVillageTree_grp/treeBottom_grp/branches_level_btB_grp/branches_level_B_015__wood_geo/branches_level_B_015__wood_geoShape /root/janaVillageTree/janaVillageTree_grp/treeBottom_grp/branches_level_btB_grp/branches_level_B_0161__wood_geo/branches_level_B_0161__wood_geoShape /root/janaVillageTree/janaVillageTree_grp/treeBottom_grp/branches_level_btB_grp/branches_level_B_0162__wood_geo/branches_level_B_0162__wood_geoShape /root/janaVillageTree/janaVillageTree_grp/treeBottom_grp/branches_level_btB_grp/branches_level_B_0165__wood_geo/branches_level_B_0165__wood_geoShape /root/janaVillageTree/janaVillageTree_grp/treeBottom_grp/branches_level_btB_grp/branches_level_B_0166__wood_geo/branches_level_B_0166__wood_geoShape /root/janaVillageTree/janaVillageTree_grp/treeBottom_grp/branches_level_btB_grp/branches_level_B_0167__wood_geo/branches_level_B_0167__wood_geoShape /root/janaVillageTree/janaVillageTree_grp/treeBottom_grp/branches_level_btB_grp/branches_level_B_0168__wood_geo/branches_level_B_0168__wood_geoShape /root/janaVillageTree/janaVillageTree_grp/treeBottom_grp/branches_level_btB_grp/branches_level_B_0169__wood_geo/branches_level_B_0169__wood_geoShape /root/janaVillageTree/janaVillageTree_grp/treeBottom_grp/branches_level_btB_grp/branches_level_B_01610__wood_geo/branches_level_B_01610__wood_geoShape /root/janaVillageTree/janaVillageTree_grp/treeBottom_grp/branches_level_btB_grp/branches_level_B_01611__wood_geo/branches_level_B_01611__wood_geoShape /root/janaVillageTree/janaVillageTree_grp/treeBottom_grp/branches_level_btB_grp/branches_level_B_01612__wood_geo/branches_level_B_01612__wood_geoShape /root/janaVillageTree/janaVillageTree_grp/treeBottom_grp/branches_level_btB_grp/branches_level_B_01613__wood_geo/branches_level_B_01613__wood_geoShape /root/janaVillageTree/janaVillageTree_grp/treeBottom_grp/branches_level_btB_grp/branches_level_B_01614__wood_geo/branches_level_B_01614__wood_geoShape /root/janaVillageTree/janaVillageTree_grp/treeBottom_grp/branches_level_btB_grp/branches_level_B_01615__wood_geo/branches_level_B_01615__wood_geoShape /root/janaVillageTree/janaVillageTree_grp/treeBottom_grp/branches_level_btB_grp/branches_level_B_01617__wood_geo/branches_level_B_01617__wood_geoShape /root/janaVillageTree/janaVillageTree_grp/treeBottom_grp/branches_level_btB_grp/branches_level_B_01618__wood_geo/branches_level_B_01618__wood_geoShape /root/janaVillageTree/janaVillageTree_grp/treeBottom_grp/branches_level_btB_grp/branches_level_B_01624__wood_geo/branches_level_B_01624__wood_geoShape /root/janaVillageTree/janaVillageTree_grp/treeBottom_grp/branches_level_btB_grp/branches_level_B_01625__wood_geo/branches_level_B_01625__wood_geoShape /root/janaVillageTree/janaVillageTree_grp/treeBottom_grp/branches_level_btB_grp/branches_level_B_01626__wood_geo/branches_level_B_01626__wood_geoShape /root/janaVillageTree/janaVillageTree_grp/treeBottom_grp/branches_level_btB_grp/branches_level_B_01627__wood_geo/branches_level_B_01627__wood_geoShape /root/janaVillageTree/janaVillageTree_grp/treeBottom_grp/branches_level_btC_grp/branches_level_C_018__wood_geo/branches_level_C_018__wood_geoShape /root/janaVillageTree/janaVillageTree_grp/treeBottom_grp/branches_level_btC_grp/branches_level_C_019__wood_geo/branches_level_C_019__wood_geoShape /root/janaVillageTree/janaVillageTree_grp/treeBottom_grp/branches_level_btC_grp/branches_level_C_020__wood_geo/branches_level_C_020__wood_geoShape /root/janaVillageTree/janaVillageTree_grp/treeBottom_grp/branches_level_btC_grp/branches_level_C_021__wood_geo/branches_level_C_021__wood_geoShape /root/janaVillageTree/janaVillageTree_grp/treeBottom_grp/branches_level_btC_grp/branches_level_C_022__wood_geo/branches_level_C_022__wood_geoShape /root/janaVillageTree/janaVillageTree_grp/treeBottom_grp/branches_level_btC_grp/branches_level_C_023__wood_geo/branches_level_C_023__wood_geoShape /root/janaVillageTree/janaVillageTree_grp/treeBottom_grp/branches_level_btC_grp/branches_level_C_024__wood_geo/branches_level_C_024__wood_geoShape /root/janaVillageTree/janaVillageTree_grp/treeBottom_grp/branches_level_btD_grp/branches_level_D_012__wood_geo/branches_level_D_012__wood_geoShape /root/janaVillageTree/janaVillageTree_grp/treeBottom_grp/branches_level_btD_grp/branches_level_D_013__wood_geo/branches_level_D_013__wood_geoShape /root/janaVillageTree/janaVillageTree_grp/treeBottom_grp/branches_level_btD_grp/branches_level_D_014__wood_geo/branches_level_D_014__wood_geoShape /root/janaVillageTree/janaVillageTree_grp/treeBottom_grp/branchCut_grp/branchCut_A_1__wood_geo/branchCut_A_1__wood_geoShape /root/janaVillageTree/janaVillageTree_grp/treeBottom_grp/branchCut_grp/branchCut_A_2__wood_geo/branchCut_A_2__wood_geoShape /root/janaVillageTree/janaVillageTree_grp/treeBottom_grp/branchCut_grp/branchCut_A_3__wood_geo/branchCut_A_3__wood_geoShape /root/janaVillageTree/janaVillageTree_grp/treeBottom_grp/branchCut_grp/branchCut_A_4__wood_geo/branchCut_A_4__wood_geoShape /root/janaVillageTree/janaVillageTree_grp/treeBottom_grp/branchCut_grp/branchCut_A_5__wood_geo/branchCut_A_5__wood_geoShape /root/janaVillageTree/janaVillageTree_grp/treeBottom_grp/branchCut_grp/branchCut_A_6__wood_geo/branchCut_A_6__wood_geoShape}
 name Breakdown_APKG_051_gss_0360_breakdown_v008_environ_janaVillageTree_001_prop
 selected true
 xpos 1064
 ypos -334
 addUserKnob {20 Ivy}
 addUserKnob {22 ivy_documentation l "Ivy Documentation" t "Open IvyTab documentation page in your web browser" T "__import__('dnnuke.utils.asst.common', fromlist=\['openDocsName']).openDocsName('IvyTab')" +STARTLINE}
 addUserKnob {26 divider4 l "" +STARTLINE}
 addUserKnob {1 _ivyVals l "" +STARTLINE +HIDDEN}
 _ivyVals "\{'ivy_job': '', 'ivy_usemanualuri': False, 'leafname': '', 'ivy_vnum': 0, 'ivy_twignametags': \{\}, 'ivy_shot': '', 'ivy_regex': False, 'ivy_type': '', 'ivy_versionquery': '', 'spider_uri': ''\}"
 addUserKnob {52 ivyTab l "" -STARTLINE T "__import__('nukescripts').panels.WidgetKnob(__import__('dnnuke.core.ivy.tab.widget.query', fromlist=\['getBoundKnob']).getBoundKnob(nuke.thisNode()))"}
 addUserKnob {1 _ivyFile l "" +STARTLINE +HIDDEN +INVISIBLE}
 _ivyFile /jobs/DRGRE/051_gss_0360/ivy/gch/GCH_051_gss_0360_environ_janaVillage_janaVillageTree_layout_environ_janaVillageTree_001_prop_renderGeo_lod300_v003/GCH_051_gss_0360_environ_janaVillage_janaVillageTree_layout_environ_janaVillageTree_001_prop_renderGeo_lod300_v003.abc
 addUserKnob {78 _expressions l "" -STARTLINE +HIDDEN +INVISIBLE n 1}
 _expressions {{curve}}
 addUserKnob {26 divider0 l "" +STARTLINE}
 addUserKnob {20 dbinfo l "DB Info" n 1}
 dbinfo 0
 addUserKnob {1 twig_dnuuid l "Twig Id"}
 twig_dnuuid a96c5baa-a3a2-4ec9-946d-af7058e9f808
 addUserKnob {1 stalk_dnuuid l "Stalk Id"}
 stalk_dnuuid 4e28f251-a949-4016-8eee-963bd73233cf
 addUserKnob {1 twigtype_dnuuid l "Twig Type Id"}
 twigtype_dnuuid a54a42c9-e7d4-403b-9fc1-aa366465e6e3
 addUserKnob {1 leaf_dnuuid l "Leaf Id"}
 leaf_dnuuid 285e58b6-cee1-42ca-9294-44656242c2c9
 addUserKnob {26 divider1 l "" +STARTLINE}
 addUserKnob {1 twigtype l "Twig Type"}
 twigtype gch
 addUserKnob {1 leaf_label l Leaf}
 leaf_label main
 addUserKnob {1 ivy_version l Version}
 ivy_version 3
 addUserKnob {43 ivy_notes l Notes}
 ivy_notes "Tree Anim tweak"
 addUserKnob {26 divider2 l "" +STARTLINE}
 addUserKnob {1 build_label l "Build Label"}
 addUserKnob {20 dbinfoEndGroup l "DB Info" n -1}
}
Dot {
 name Dot3
 selected true
 xpos 1098
 ypos -212
}
set N2d7727b0 [stack 0]
Normals {
 action build
 name Normals1
 selected true
 xpos 1064
 ypos -111
}
ApplyMaterial {
 inputs 2
 name ApplyMaterial2
 tile_color 0x1a3f2d00
 selected true
 xpos 864
 ypos -111
}
Scene {
 shadow_override "override inputs"
 receive_shadow false
 name Scene2
 selected true
 xpos 874
 ypos -68
}
FillMat {
 inputs 0
 color 1
 name FillMat1
 selected true
 xpos 34
 ypos -120
}
AmbientOcclusion {
 name AmbientOcclusion1
 tile_color 0x476b23ff
 selected true
 xpos 34
 ypos -94
}
set N18009fe0 [stack 0]
push $cut_paste_input
ReadGeo2 {
 file /jobs/DRGRE/051_gss_0360/maya/cache/alembic/floor_lidar_cutted.abc
 localizationPolicy off
 version 4
 read_on_each_frame true
 sub_frame false
 use_geometry_colors false
 range_first 0
 range_last 0
 scene_view {{0} imported: 0 selected: 0 items: /root/janaVillage_01_lod610_geo/janaVillage_01_lod610_geoShape}
 name ReadGeo2
 selected true
 xpos 573
 ypos -341
 addUserKnob {20 Ivy}
 addUserKnob {22 ivy_documentation l "Ivy Documentation" t "Open IvyTab documentation page in your web browser" T "__import__('dnnuke.utils.asst.common', fromlist=\['openDocsName']).openDocsName('IvyTab')" +STARTLINE}
 addUserKnob {26 divider4 l "" +STARTLINE}
 addUserKnob {1 _ivyVals l "" +STARTLINE +HIDDEN}
 _ivyVals "\{'ivy_job': '', 'ivy_usemanualuri': False, 'leafname': '', 'ivy_vnum': 0, 'ivy_twignametags': \{\}, 'ivy_shot': '', 'ivy_regex': False, 'ivy_type': '', 'ivy_versionquery': '', 'spider_uri': ''\}"
 addUserKnob {52 ivyTab l "" -STARTLINE T "__import__('nukescripts').panels.WidgetKnob(__import__('dnnuke.core.ivy.tab.widget.query', fromlist=\['getBoundKnob']).getBoundKnob(nuke.thisNode()))"}
 addUserKnob {1 _ivyFile l "" +STARTLINE +HIDDEN +INVISIBLE}
 _ivyFile "no results were found for query (Leaf) (WHERE Leaf.job = 'DRGRE' AND Leaf.location = '/jobs/DRGRE/051_gss_0360/maya/cache/alembic/floor_lidar_cutted.abc' AND Leaf.deleted = '0000-00-00 00:00:00' AND Leaf.archived = '0000-00-00 00:00:00' AND Leaf.provisional = '0')"
 addUserKnob {78 _expressions l "" -STARTLINE +HIDDEN +INVISIBLE n 1}
 _expressions {{curve}}
 addUserKnob {26 divider0 l "" +STARTLINE}
 addUserKnob {20 dbinfo l "DB Info" n 1}
 dbinfo 0
 addUserKnob {1 twig_dnuuid l "Twig Id"}
 addUserKnob {1 stalk_dnuuid l "Stalk Id"}
 addUserKnob {1 twigtype_dnuuid l "Twig Type Id"}
 addUserKnob {1 leaf_dnuuid l "Leaf Id"}
 addUserKnob {26 divider1 l "" +STARTLINE}
 addUserKnob {1 twigtype l "Twig Type"}
 addUserKnob {1 leaf_label l Leaf}
 addUserKnob {1 ivy_version l Version}
 addUserKnob {43 ivy_notes l Notes}
 addUserKnob {26 divider2 l "" +STARTLINE}
 addUserKnob {1 build_label l "Build Label"}
 addUserKnob {20 dbinfoEndGroup l "DB Info" n -1}
}
Dot {
 name Dot2
 selected true
 xpos 607
 ypos -166
}
set N20969fa0 [stack 0]
Dot {
 name Dot1
 selected true
 xpos 747
 ypos -166
}
ApplyMaterial {
 inputs 2
 name ApplyMaterial1
 tile_color 0x476b23ff
 selected true
 xpos 713
 ypos -94
}
Scene {
 shadow_override "override inputs"
 cast_shadow false
 name Scene3
 selected true
 xpos 723
 ypos -68
}
Scene {
 inputs 2
 name Scene1
 selected true
 xpos 793
 ypos -68
}
push 0
RayRender {
 inputs 3
 shutteroffset centred
 name RayRender1
 selected true
 xpos 783
 ypos 61
}
push $N2a0be110
push $N17df0cc0
push $N20969fa0
ApplyMaterial {
 inputs 2
 name ApplyMaterial3
 tile_color 0x1a3f2d00
 selected true
 xpos 573
 ypos -137
}
Scene {
 shadow_override "override inputs"
 receive_shadow false
 name Scene6
 selected true
 xpos 583
 ypos -68
}
push $N18009fe0
push $N2d7727b0
Dot {
 name Dot4
 selected true
 xpos 438
 ypos -212
}
ApplyMaterial {
 inputs 2
 name ApplyMaterial4
 tile_color 0x476b23ff
 selected true
 xpos 404
 ypos -94
}
Scene {
 shadow_override "override inputs"
 cast_shadow false
 name Scene7
 selected true
 xpos 414
 ypos -68
}
Scene {
 inputs 2
 name Scene5
 selected true
 xpos 497
 ypos -68
}
push 0
RayRender {
 inputs 3
 shutteroffset centred
 name RayRender2
 selected true
 xpos 487
 ypos 61
}
