set cut_paste_input [stack 0]
version 12.1 v5
push $cut_paste_input
CameraProfile {
 name FLOAT
 selected true
 xpos 2993
 ypos 7068
 preset aerialfloat
 frames "1 - 420 (420)"
 amount 0.4
 speed 0.5
 zRotation 0.25
 maxFrames 75
 shutteroffset centred
 tracks 0
 track1 {{curve(((frame-1)%(420-1+1))+1) C x1 102.403 102.548 102.709 102.87 103.007 103.125 103.25 103.344 103.393 103.432 103.473 103.464 103.425 103.361 103.27 103.129 102.928 102.669 102.347 101.898 101.249 100.601 100.085 99.6628 99.352 99.1388 98.9974 98.9026 98.8496 98.8253 98.8144 98.8125 98.8036 98.7977 98.7906 98.76 98.7459 98.7405 98.7136 98.6871 98.6928 98.684 98.6389 98.6121 98.593 98.5327 98.4711 98.4013 98.329 98.2428 98.1708 98.1252 98.0789 98.0176 97.9632 97.9272 97.8772 97.8281 97.7867 97.725 97.6785 97.6535 97.6256 97.5943 97.5616 97.5332 97.5073 97.4728 97.4469 97.4485 97.4496 97.4201 97.5562 97.7325 97.9279 98.1396 98.3586 98.5937 98.8183 99.0415 99.2504 99.4324 99.6071 99.7594 99.8994 100.022 100.114 100.204 100.303 100.383 100.462 100.554 100.638 100.707 100.781 100.841 100.924 101.009 101.098 101.204 101.286 101.363 101.449 101.525 101.618 101.722 101.854 101.979 102.098 102.222 102.348 102.477 102.582 102.668 102.778 102.868 102.9 102.927 102.976 102.982 103.007 103.052 103.072 103.104 103.137 103.155 103.198 103.244 103.262 103.267 103.304 103.317 103.306 103.306 103.313 103.308 103.305 103.302 103.27 103.238 103.224 103.214 103.22 103.214 103.225 103.266 103.313 103.365 103.396 103.428 103.478 103.508 103.531 103.545 103.569 103.576 103.591 103.621 103.641 103.68 103.706 103.714 103.725 103.738 103.741 103.739 103.758 103.755 103.745 103.75 103.763 103.807 103.845 103.848 103.949 104.051 104.153 104.272 104.446 104.667 104.944 105.342 105.971 106.975 107.84 108.315 108.615 108.813 108.949 109.027 109.08 109.104 109.122 109.15 109.177 109.161 109.14 109.101 109.06 109.015 108.972 108.927 108.894 108.841 108.782 108.744 108.689 108.635 108.598 108.553 108.509 108.467 108.433 108.374 108.31 108.239 108.171 108.12 108.087 108.081 108.066 108.034 107.998 107.956 107.924 107.884 107.848 107.81 107.75 107.692 107.633 107.565 107.476 107.354 107.247 107.128 107.003 106.872 106.726 106.57 106.426 106.274 106.101 105.945 105.789 105.603 105.452 105.304 105.135 104.967 104.809 104.627 104.451 104.306 104.141 103.98 103.844 103.677 103.523 103.381 103.234 103.105 103.009 102.906 102.799 102.704 102.621 102.539 102.46 102.391 102.35 102.314 102.279 102.242 102.216 102.198 102.199 102.21 102.223 102.241 102.268 102.28 102.307 102.334 102.366 102.425 102.499 102.571 102.684 102.812 102.918 103.028 103.161 103.287 103.431 103.615 103.822 104.024 104.171 104.292 104.406 104.542 104.655 104.76 104.879 105.004 105.159 105.305 105.414 105.537 105.644 105.727 105.799 105.89 105.98 106.057 106.14 106.235 106.318 106.377 106.422 106.468 106.497 106.513 106.502 106.489 106.462 106.434 106.412 106.385 106.363 106.335 106.286 106.234 106.177 106.122 106.065 106.02 105.955 105.885 105.839 105.777 105.719 105.683 105.641 105.607 105.579 105.565 105.532 105.501 105.47 105.431 105.398 105.38 105.389 105.392 105.381 105.37 105.357 105.36 105.36 105.371 105.386 105.385 105.395 105.411 105.426 105.427 105.402 105.398 105.389 105.381 105.37 105.351 105.327 105.32 105.308 105.279 105.272 105.268 105.237 105.243 105.254 105.246 105.24 105.245 105.224 105.209 105.224 105.216 105.209 105.222 105.198 105.18 105.163 105.129 105.096 105.084 105.056 105.014 104.976 104.941 104.898 104.849 104.801 104.772 104.739 104.745 104.739 104.734 104.729 104.733 104.74 104.742 104.742 104.743 104.723 104.712 104.695 104.677} {curve(((frame-1)%(420-1+1))+1) C x1 381.994 381.507 381.206 380.974 380.626 380.224 380.003 379.666 379.127 378.693 378.483 378.114 377.762 377.509 377.392 377.264 377.114 377.066 377.153 377.052 376.714 376.622 376.692 376.51 376.393 376.412 376.495 376.538 376.584 376.65 376.77 376.95 377.074 377.231 377.392 377.373 377.512 377.743 377.819 377.922 378.319 378.622 378.651 378.859 379.159 379.142 379.142 379.099 379.058 378.923 378.926 379.165 379.412 379.543 379.739 380.091 380.322 380.546 380.819 380.906 381.1 381.453 381.758 382.01 382.223 382.442 382.649 382.746 382.875 383.187 383.435 383.349 383.406 383.543 383.643 383.739 383.81 383.981 384.07 384.191 384.274 384.244 384.294 384.318 384.417 384.565 384.541 384.505 384.521 384.376 384.205 384.122 383.957 383.653 383.362 382.931 382.669 382.407 382.144 382.004 381.628 381.188 380.787 380.28 379.89 379.558 379.441 379.251 378.986 378.752 378.543 378.375 378.038 377.636 377.594 377.708 377.601 377.45 377.486 377.163 376.988 376.976 376.751 376.623 376.511 376.274 376.258 376.271 376.059 375.737 375.701 375.465 375.04 374.719 374.47 374.122 373.806 373.502 372.973 372.453 372.101 371.787 371.628 371.38 371.291 371.464 371.704 372.006 372.15 372.325 372.664 372.859 373.017 373.124 373.334 373.428 373.616 373.947 374.216 374.672 375.048 375.285 375.584 375.91 376.185 376.434 376.878 377.162 377.397 377.778 378.23 378.96 379.638 380.04 380.596 381.042 381.317 381.535 381.938 382.365 382.716 383.165 383.774 384.36 384.758 385.022 385.293 385.449 385.526 385.394 385.259 385.017 384.78 384.606 384.41 384.448 384.453 384.304 384.16 384 383.881 383.769 383.784 383.66 383.5 383.556 383.49 383.467 383.619 383.734 383.906 384.124 384.454 384.622 384.807 384.988 385.045 385.071 385.187 385.502 385.737 385.84 385.919 385.973 386.133 386.261 386.469 386.697 386.785 386.951 387.159 387.35 387.416 387.257 387.264 387.221 387.172 387.102 386.949 386.745 386.676 386.56 386.303 386.213 386.139 385.83 385.831 385.866 385.728 385.607 385.566 385.305 385.09 385.116 384.952 384.782 384.777 384.457 384.18 383.913 383.497 383.092 382.849 382.471 381.981 381.51 381.059 380.545 379.969 379.4 378.979 378.521 378.006 377.417 376.861 376.314 375.857 375.434 374.969 374.492 374.037 373.406 372.86 372.259 371.658 371.243 370.918 370.542 370.473 370.507 370.337 370.187 370.222 370.189 370.315 370.77 371.432 372.072 372.271 372.272 372.251 372.429 372.452 372.431 372.562 372.77 373.263 373.711 373.89 374.22 374.445 374.504 374.512 374.71 374.934 375.084 375.325 375.705 376.016 376.166 376.249 376.375 376.411 376.389 376.174 375.973 375.682 375.411 375.218 375.019 374.902 374.768 374.493 374.234 373.97 373.758 373.562 373.503 373.31 373.088 373.086 372.965 372.887 372.984 373.041 373.152 373.304 373.561 373.649 373.742 373.819 373.822 373.849 373.992 374.349 374.636 374.796 374.937 375.056 375.286 375.485 375.767 376.071 376.238 376.485 376.778 377.055 377.209 377.139 377.238 377.288 377.333 377.358 377.303 377.196 377.227 377.212 377.055 377.068 377.099 376.894 377.001 377.143 377.113 377.102 377.171 377.022 376.919 377.06 377.012 376.959 377.073 376.873 376.717 376.574 376.283 376.003 375.889 375.644 375.289 374.958 374.652 374.29 373.873 373.47 373.226 372.952 372.479 371.948 371.463 370.998 370.632 370.311 369.956 369.596 369.268 368.771 368.365 367.912 367.464}}
 track2 {{curve(((frame-1)%(420-1+1))+1) C x1 1726.97 1727.11 1727.21 1727.3 1727.4 1727.49 1727.55 1727.61 1727.69 1727.73 1727.73 1727.72 1727.69 1727.62 1727.51 1727.36 1727.16 1726.9 1726.54 1726.1 1725.51 1724.87 1724.31 1723.92 1723.63 1723.41 1723.24 1723.13 1723.07 1723.03 1722.99 1722.95 1722.92 1722.88 1722.85 1722.83 1722.8 1722.75 1722.72 1722.69 1722.63 1722.57 1722.54 1722.49 1722.43 1722.41 1722.38 1722.36 1722.33 1722.32 1722.29 1722.23 1722.17 1722.12 1722.06 1721.99 1721.93 1721.87 1721.81 1721.77 1721.72 1721.65 1721.59 1721.54 1721.49 1721.44 1721.4 1721.38 1721.35 1721.31 1721.28 1721.3 1721.45 1721.61 1721.81 1722.02 1722.24 1722.45 1722.67 1722.87 1723.06 1723.25 1723.41 1723.55 1723.65 1723.72 1723.8 1723.88 1723.94 1724.03 1724.11 1724.19 1724.27 1724.37 1724.46 1724.57 1724.66 1724.75 1724.84 1724.91 1725.02 1725.13 1725.23 1725.35 1725.46 1725.55 1725.63 1725.71 1725.8 1725.89 1725.97 1726.05 1726.15 1726.24 1726.29 1726.31 1726.33 1726.36 1726.38 1726.43 1726.47 1726.49 1726.53 1726.57 1726.6 1726.65 1726.67 1726.69 1726.73 1726.79 1726.82 1726.86 1726.93 1726.99 1727.04 1727.1 1727.15 1727.2 1727.28 1727.36 1727.42 1727.47 1727.5 1727.55 1727.57 1727.56 1727.54 1727.52 1727.51 1727.5 1727.46 1727.45 1727.43 1727.43 1727.4 1727.39 1727.37 1727.33 1727.3 1727.24 1727.19 1727.16 1727.11 1727.07 1727.02 1726.98 1726.92 1726.87 1726.83 1726.77 1726.7 1726.59 1726.5 1726.43 1726.43 1726.45 1726.52 1726.61 1726.72 1726.87 1727.1 1727.43 1727.95 1728.87 1729.7 1730.14 1730.4 1730.58 1730.72 1730.84 1730.93 1731.02 1731.1 1731.18 1731.25 1731.27 1731.28 1731.32 1731.35 1731.38 1731.4 1731.42 1731.43 1731.44 1731.46 1731.45 1731.45 1731.44 1731.4 1731.37 1731.33 1731.27 1731.2 1731.15 1731.08 1731.01 1730.97 1730.93 1730.88 1730.81 1730.74 1730.69 1730.64 1730.58 1730.51 1730.43 1730.34 1730.24 1730.16 1730.05 1729.93 1729.81 1729.69 1729.59 1729.47 1729.35 1729.22 1729.09 1728.96 1728.84 1728.69 1728.55 1728.42 1728.26 1728.1 1727.97 1727.79 1727.62 1727.46 1727.29 1727.12 1726.97 1726.82 1726.65 1726.49 1726.34 1726.18 1726.06 1725.94 1725.84 1725.76 1725.69 1725.62 1725.58 1725.55 1725.53 1725.52 1725.53 1725.54 1725.57 1725.59 1725.61 1725.66 1725.71 1725.77 1725.83 1725.89 1725.96 1726.03 1726.1 1726.19 1726.29 1726.39 1726.51 1726.62 1726.72 1726.81 1726.91 1726.98 1727.04 1727.13 1727.21 1727.27 1727.35 1727.4 1727.42 1727.42 1727.41 1727.46 1727.53 1727.61 1727.66 1727.72 1727.79 1727.84 1727.88 1727.89 1727.89 1727.93 1727.95 1727.98 1728.02 1728.07 1728.09 1728.11 1728.13 1728.14 1728.13 1728.12 1728.13 1728.15 1728.15 1728.16 1728.17 1728.2 1728.23 1728.27 1728.3 1728.32 1728.34 1728.35 1728.36 1728.39 1728.41 1728.43 1728.44 1728.45 1728.44 1728.44 1728.45 1728.43 1728.43 1728.42 1728.38 1728.36 1728.33 1728.29 1728.24 1728.21 1728.18 1728.16 1728.14 1728.12 1728.09 1728.04 1727.99 1727.96 1727.93 1727.9 1727.87 1727.83 1727.79 1727.75 1727.72 1727.68 1727.64 1727.6 1727.58 1727.58 1727.56 1727.55 1727.54 1727.53 1727.53 1727.54 1727.53 1727.53 1727.54 1727.53 1727.53 1727.55 1727.53 1727.51 1727.52 1727.52 1727.51 1727.52 1727.53 1727.52 1727.52 1727.53 1727.51 1727.54 1727.55 1727.57 1727.6 1727.64 1727.65 1727.68 1727.72 1727.76 1727.8 1727.84 1727.89 1727.94 1727.96 1728 1728.08 1728.16 1728.24 1728.32 1728.38 1728.44 1728.5 1728.56 1728.61 1728.69 1728.75 1728.82 1728.89} {curve(((frame-1)%(420-1+1))+1) C x1 368.827 369.444 370.242 371.097 371.815 372.451 373.232 373.854 374.22 374.633 375.205 375.543 375.816 376.103 376.431 376.651 376.747 376.839 377.024 377.052 376.894 376.99 377.215 377.151 377.122 377.204 377.332 377.404 377.461 377.52 377.616 377.758 377.831 377.923 378.003 377.889 377.916 378.02 377.952 377.893 378.111 378.217 378.031 378.006 378.054 377.769 377.482 377.135 376.776 376.308 375.963 375.844 375.723 375.478 375.292 375.258 375.103 374.947 374.846 374.565 374.4 374.403 374.367 374.288 374.182 374.093 374.004 373.821 373.682 373.741 373.753 373.445 373.258 373.163 373.047 372.947 372.845 372.871 372.846 372.889 372.928 372.89 372.969 373.058 373.261 373.55 373.701 373.871 374.123 374.245 374.371 374.616 374.808 374.892 375.018 375.033 375.247 375.489 375.759 376.181 376.392 376.567 376.806 376.963 377.262 377.64 378.253 378.809 379.304 379.838 380.397 380.99 381.39 381.676 382.231 382.756 382.906 383.007 383.291 383.211 383.275 383.495 383.498 383.593 383.698 383.674 383.864 384.078 384.062 383.93 384.077 384.018 383.765 383.609 383.516 383.32 383.146 382.978 382.577 382.178 381.938 381.726 381.662 381.498 381.484 381.721 382.016 382.361 382.539 382.737 383.086 383.282 383.428 383.512 383.685 383.731 383.859 384.116 384.299 384.655 384.92 385.034 385.198 385.376 385.494 385.575 385.841 385.939 385.981 386.162 386.41 386.932 387.4 387.592 387.916 388.128 388.168 388.15 388.313 388.496 388.594 388.767 389.048 389.207 389.224 389.232 389.311 389.315 389.27 389.039 388.825 388.524 388.241 388.035 387.818 387.513 387.186 386.71 386.241 385.758 385.315 384.88 384.571 384.121 383.636 383.364 382.968 382.612 382.429 382.204 382.033 381.902 381.875 381.678 381.484 381.269 381.037 380.894 380.9 381.142 381.331 381.409 381.479 381.539 381.719 381.878 382.128 382.407 382.557 382.792 383.08 383.357 383.518 383.462 383.579 383.653 383.727 383.787 383.771 383.708 383.788 383.827 383.729 383.805 383.903 383.77 383.954 384.177 384.232 384.31 384.473 384.421 384.42 384.666 384.727 384.787 385.016 384.937 384.904 384.888 384.726 384.578 384.599 384.493 384.281 384.099 383.946 383.742 383.49 383.26 383.197 383.109 382.974 382.772 382.611 382.468 382.423 382.421 382.387 382.348 382.342 382.168 382.087 381.958 381.837 381.908 382.073 382.191 382.617 383.146 383.47 383.809 384.326 384.769 385.359 386.265 387.363 388.424 389.03 389.422 389.775 390.308 390.669 390.968 391.402 391.895 392.655 393.354 393.771 394.323 394.757 395.014 395.206 395.576 395.962 396.262 396.643 397.153 397.588 397.853 398.044 398.268 398.393 398.449 398.301 398.153 397.901 397.652 397.465 397.252 397.102 396.915 396.566 396.212 395.833 395.484 395.132 394.898 394.517 394.093 393.878 393.538 393.237 393.109 392.941 392.831 392.766 392.812 392.696 392.592 392.481 392.304 392.159 392.137 392.337 392.475 392.494 392.501 392.495 392.606 392.692 392.868 393.071 393.141 393.294 393.497 393.688 393.76 393.614 393.639 393.619 393.597 393.561 393.447 393.287 393.266 393.204 393.004 392.977 392.97 392.733 392.81 392.925 392.872 392.84 392.892 392.728 392.614 392.745 392.69 392.633 392.743 392.544 392.39 392.249 391.963 391.69 391.581 391.343 390.996 390.673 390.375 390.02 389.609 389.213 388.972 388.7 388.524 388.265 388.033 387.809 387.672 387.569 387.426 387.269 387.137 386.829 386.608 386.332 386.056}}
 track3 {{curve(((frame-1)%(420-1+1))+1) C x1 1729.54 1729.36 1729.2 1729.04 1728.86 1728.68 1728.51 1728.32 1728.11 1727.9 1727.71 1727.5 1727.29 1727.07 1726.86 1726.63 1726.38 1726.1 1725.78 1725.33 1724.68 1724.04 1723.52 1723.1 1722.79 1722.58 1722.44 1722.35 1722.29 1722.28 1722.27 1722.28 1722.29 1722.3 1722.32 1722.32 1722.34 1722.37 1722.39 1722.41 1722.47 1722.52 1722.54 1722.58 1722.64 1722.66 1722.69 1722.71 1722.73 1722.75 1722.78 1722.84 1722.9 1722.95 1723.01 1723.09 1723.16 1723.22 1723.29 1723.34 1723.4 1723.48 1723.55 1723.61 1723.68 1723.74 1723.8 1723.85 1723.9 1723.97 1724.04 1724.08 1724.27 1724.5 1724.74 1724.98 1725.23 1725.49 1725.73 1725.96 1726.16 1726.33 1726.48 1726.6 1726.7 1726.78 1726.81 1726.84 1726.86 1726.86 1726.85 1726.84 1726.81 1726.77 1726.71 1726.64 1726.58 1726.51 1726.44 1726.38 1726.29 1726.18 1726.08 1725.95 1725.84 1725.73 1725.65 1725.55 1725.44 1725.33 1725.23 1725.13 1725.01 1724.89 1724.82 1724.79 1724.74 1724.7 1724.67 1724.6 1724.56 1724.53 1724.48 1724.45 1724.41 1724.37 1724.35 1724.33 1724.29 1724.24 1724.22 1724.18 1724.12 1724.07 1724.03 1723.97 1723.93 1723.88 1723.81 1723.74 1723.7 1723.66 1723.63 1723.6 1723.59 1723.61 1723.64 1723.68 1723.7 1723.72 1723.77 1723.79 1723.82 1723.84 1723.87 1723.9 1723.93 1723.98 1724.03 1724.09 1724.15 1724.2 1724.25 1724.31 1724.36 1724.41 1724.48 1724.53 1724.58 1724.65 1724.72 1724.83 1724.93 1725 1725.16 1725.33 1725.49 1725.67 1725.9 1726.18 1726.51 1726.96 1727.64 1728.7 1729.61 1730.13 1730.46 1730.69 1730.85 1730.95 1731.02 1731.06 1731.08 1731.12 1731.14 1731.23 1731.3 1731.36 1731.41 1731.46 1731.51 1731.56 1731.62 1731.66 1731.69 1731.75 1731.8 1731.84 1731.9 1731.96 1732.02 1732.08 1732.15 1732.2 1732.25 1732.3 1732.32 1732.32 1732.33 1732.34 1732.35 1732.33 1732.3 1732.26 1732.22 1732.18 1732.14 1732.09 1732.02 1731.95 1731.87 1731.79 1731.68 1731.54 1731.41 1731.26 1731.11 1730.95 1730.78 1730.59 1730.42 1730.23 1730.02 1729.83 1729.64 1729.41 1729.22 1729.03 1728.82 1728.61 1728.4 1728.17 1727.95 1727.75 1727.53 1727.32 1727.13 1726.9 1726.69 1726.48 1726.27 1726.08 1725.91 1725.73 1725.55 1725.38 1725.21 1725.04 1724.87 1724.71 1724.56 1724.42 1724.28 1724.13 1723.98 1723.85 1723.73 1723.61 1723.5 1723.39 1723.28 1723.15 1723.04 1722.93 1722.81 1722.72 1722.65 1722.57 1722.53 1722.5 1722.46 1722.42 1722.4 1722.37 1722.37 1722.41 1722.48 1722.55 1722.57 1722.57 1722.56 1722.59 1722.59 1722.59 1722.62 1722.65 1722.72 1722.79 1722.82 1722.87 1722.91 1722.93 1722.94 1722.98 1723.02 1723.04 1723.08 1723.14 1723.18 1723.2 1723.21 1723.23 1723.23 1723.22 1723.19 1723.16 1723.12 1723.08 1723.06 1723.04 1723.03 1723.01 1722.99 1722.96 1722.94 1722.93 1722.92 1722.93 1722.92 1722.91 1722.93 1722.94 1722.95 1722.98 1723.01 1723.05 1723.08 1723.14 1723.17 1723.2 1723.22 1723.24 1723.26 1723.29 1723.35 1723.4 1723.43 1723.46 1723.49 1723.53 1723.56 1723.6 1723.65 1723.68 1723.72 1723.76 1723.8 1723.83 1723.83 1723.85 1723.86 1723.87 1723.88 1723.88 1723.87 1723.88 1723.88 1723.87 1723.87 1723.88 1723.86 1723.87 1723.89 1723.89 1723.89 1723.9 1723.89 1723.87 1723.89 1723.89 1723.88 1723.9 1723.87 1723.85 1723.83 1723.8 1723.76 1723.75 1723.72 1723.67 1723.63 1723.6 1723.55 1723.5 1723.45 1723.42 1723.39 1723.3 1723.21 1723.13 1723.05 1722.99 1722.93 1722.87 1722.8 1722.75 1722.67 1722.6 1722.53 1722.46} {curve(((frame-1)%(420-1+1))+1) C x1 1165 1165.61 1166.4 1167.24 1167.95 1168.57 1169.33 1169.94 1170.28 1170.67 1171.21 1171.52 1171.76 1172 1172.28 1172.45 1172.48 1172.49 1172.58 1172.48 1172.14 1172.05 1172.12 1171.94 1171.82 1171.84 1171.92 1171.97 1172.01 1172.06 1172.15 1172.28 1172.35 1172.44 1172.52 1172.4 1172.43 1172.53 1172.46 1172.4 1172.62 1172.72 1172.53 1172.51 1172.56 1172.27 1171.98 1171.64 1171.28 1170.81 1170.47 1170.35 1170.23 1169.98 1169.8 1169.76 1169.61 1169.45 1169.35 1169.07 1168.91 1168.91 1168.88 1168.8 1168.7 1168.61 1168.52 1168.34 1168.21 1168.27 1168.29 1167.99 1167.85 1167.81 1167.76 1167.72 1167.69 1167.78 1167.82 1167.93 1168.03 1168.04 1168.16 1168.29 1168.52 1168.83 1169 1169.18 1169.45 1169.58 1169.72 1169.98 1170.18 1170.27 1170.4 1170.42 1170.64 1170.89 1171.16 1171.58 1171.8 1171.97 1172.21 1172.37 1172.67 1173.04 1173.65 1174.21 1174.7 1175.23 1175.79 1176.37 1176.77 1177.05 1177.61 1178.13 1178.27 1178.37 1178.65 1178.57 1178.63 1178.85 1178.86 1178.95 1179.06 1179.03 1179.22 1179.44 1179.42 1179.29 1179.44 1179.38 1179.12 1178.97 1178.88 1178.68 1178.51 1178.34 1177.94 1177.54 1177.3 1177.09 1177.03 1176.87 1176.85 1177.09 1177.39 1177.74 1177.92 1178.12 1178.47 1178.66 1178.81 1178.9 1179.07 1179.12 1179.25 1179.51 1179.7 1180.05 1180.32 1180.44 1180.6 1180.78 1180.9 1180.99 1181.25 1181.36 1181.4 1181.58 1181.83 1182.36 1182.83 1183.02 1183.37 1183.61 1183.68 1183.71 1183.92 1184.17 1184.35 1184.63 1185.09 1185.54 1185.81 1185.96 1186.13 1186.19 1186.19 1185.99 1185.8 1185.51 1185.24 1185.05 1184.85 1184.56 1184.24 1183.78 1183.32 1182.85 1182.42 1181.99 1181.69 1181.25 1180.77 1180.5 1180.11 1179.76 1179.58 1179.36 1179.19 1179.06 1179.03 1178.84 1178.64 1178.42 1178.18 1178.04 1178.04 1178.27 1178.45 1178.52 1178.57 1178.62 1178.79 1178.93 1179.16 1179.42 1179.54 1179.75 1180.01 1180.26 1180.39 1180.3 1180.38 1180.41 1180.45 1180.46 1180.4 1180.3 1180.33 1180.32 1180.17 1180.2 1180.25 1180.06 1180.19 1180.36 1180.36 1180.39 1180.49 1180.39 1180.33 1180.52 1180.53 1180.54 1180.72 1180.59 1180.51 1180.44 1180.24 1180.05 1180.04 1179.9 1179.66 1179.45 1179.27 1179.04 1178.77 1178.52 1178.43 1178.33 1178.18 1177.96 1177.79 1177.63 1177.58 1177.57 1177.53 1177.48 1177.47 1177.29 1177.21 1177.08 1176.96 1177.03 1177.19 1177.31 1177.74 1178.28 1178.6 1178.95 1179.47 1179.92 1180.52 1181.43 1182.54 1183.62 1184.23 1184.63 1185 1185.54 1185.91 1186.22 1186.67 1187.17 1187.95 1188.66 1189.09 1189.65 1190.1 1190.37 1190.57 1190.95 1191.34 1191.65 1192.04 1192.56 1193.01 1193.28 1193.47 1193.7 1193.83 1193.89 1193.74 1193.59 1193.33 1193.08 1192.89 1192.68 1192.52 1192.34 1191.98 1191.63 1191.25 1190.89 1190.54 1190.31 1189.92 1189.5 1189.28 1188.94 1188.64 1188.51 1188.34 1188.23 1188.17 1188.22 1188.1 1188 1187.89 1187.71 1187.57 1187.55 1187.75 1187.89 1187.91 1187.92 1187.91 1188.02 1188.11 1188.29 1188.49 1188.56 1188.72 1188.92 1189.12 1189.19 1189.04 1189.07 1189.05 1189.03 1188.99 1188.88 1188.71 1188.69 1188.63 1188.43 1188.4 1188.4 1188.16 1188.24 1188.35 1188.3 1188.27 1188.32 1188.15 1188.04 1188.17 1188.12 1188.06 1188.17 1187.97 1187.81 1187.67 1187.38 1187.11 1187 1186.76 1186.41 1186.09 1185.79 1185.43 1185.02 1184.62 1184.37 1184.1 1183.92 1183.66 1183.43 1183.2 1183.06 1182.96 1182.81 1182.65 1182.52 1182.21 1181.99 1181.71 1181.43}}
 track4 {{curve(((frame-1)%(420-1+1))+1) C x1 107.283 107.084 106.86 106.625 106.402 106.186 105.949 105.728 105.532 105.327 105.099 104.892 104.685 104.468 104.233 103.994 103.745 103.463 103.109 102.669 102.08 101.433 100.882 100.489 100.196 99.9714 99.8049 99.6967 99.6329 99.5989 99.571 99.543 99.5271 99.5121 99.5013 99.5159 99.5162 99.5096 99.5257 99.5429 99.5293 99.5311 99.5701 99.5918 99.6069 99.664 99.7232 99.7915 99.8632 99.9495 100.023 100.071 100.12 100.185 100.245 100.287 100.344 100.401 100.451 100.523 100.581 100.619 100.661 100.708 100.758 100.806 100.854 100.913 100.968 101 101.039 101.121 101.331 101.554 101.797 102.047 102.3 102.534 102.765 102.973 103.162 103.338 103.475 103.582 103.646 103.668 103.686 103.695 103.686 103.685 103.677 103.648 103.618 103.596 103.562 103.535 103.479 103.415 103.341 103.245 103.169 103.094 103.006 102.924 102.822 102.707 102.561 102.42 102.284 102.142 101.996 101.847 101.723 101.617 101.488 101.379 101.33 101.287 101.224 101.206 101.173 101.123 101.101 101.07 101.039 101.024 100.984 100.943 100.929 100.93 100.9 100.894 100.912 100.919 100.92 100.934 100.946 100.958 100.999 101.04 101.063 101.084 101.088 101.105 101.106 101.078 101.044 101.006 100.987 100.968 100.932 100.914 100.904 100.902 100.89 100.894 100.889 100.871 100.862 100.833 100.816 100.818 100.815 100.81 100.814 100.823 100.81 100.817 100.832 100.83 100.82 100.777 100.74 100.736 100.794 100.881 101.006 101.161 101.324 101.528 101.805 102.179 102.75 103.711 104.569 105.049 105.34 105.548 105.705 105.846 105.957 106.058 106.147 106.226 106.303 106.417 106.531 106.659 106.784 106.909 107.026 107.139 107.236 107.346 107.458 107.542 107.638 107.727 107.793 107.861 107.92 107.971 108.008 108.062 108.113 108.165 108.206 108.221 108.209 108.161 108.112 108.07 108.022 107.97 107.896 107.817 107.721 107.614 107.514 107.396 107.263 107.122 106.987 106.871 106.726 106.58 106.428 106.271 106.117 105.963 105.787 105.612 105.448 105.259 105.063 104.892 104.68 104.461 104.259 104.053 103.835 103.643 103.445 103.217 103.013 102.811 102.593 102.416 102.24 102.07 101.928 101.798 101.659 101.542 101.444 101.348 101.255 101.173 101.101 101.032 100.947 100.869 100.802 100.747 100.692 100.639 100.578 100.515 100.461 100.41 100.358 100.33 100.293 100.265 100.239 100.193 100.138 100.092 100.012 99.9232 99.8605 99.7987 99.7187 99.6501 99.567 99.4496 99.3121 99.1815 99.1067 99.0594 99.0191 98.9596 98.9223 98.8941 98.8517 98.8035 98.725 98.6545 98.6181 98.5659 98.528 98.5109 98.5012 98.4699 98.436 98.4112 98.3755 98.3229 98.2776 98.2503 98.2299 98.2031 98.1859 98.1743 98.1862 98.1994 98.2262 98.254 98.2759 98.3025 98.3232 98.3501 98.3979 98.4481 98.5032 98.5564 98.6116 98.6545 98.7161 98.7838 98.8276 98.8869 98.9419 98.9766 99.0159 99.0482 99.0747 99.0877 99.1192 99.1485 99.1781 99.2148 99.2469 99.2638 99.2539 99.2505 99.2605 99.2712 99.2829 99.2801 99.2796 99.2679 99.2526 99.2526 99.2425 99.2261 99.2108 99.2092 99.2334 99.2368 99.2452 99.2535 99.2633 99.2819 99.3058 99.3127 99.3243 99.3519 99.3586 99.3626 99.3938 99.3872 99.3759 99.3842 99.3898 99.3852 99.4059 99.4205 99.4058 99.4129 99.4201 99.4072 99.431 99.4493 99.4658 99.4994 99.5315 99.5439 99.5716 99.6121 99.6498 99.6845 99.726 99.774 99.8204 99.8485 99.8804 99.8751 99.8817 99.8864 99.8916 99.8875 99.8802 99.8784 99.8788 99.8769 99.896 99.9056 99.922 99.9388} {curve(((frame-1)%(420-1+1))+1) C x1 1176.65 1176.18 1175.89 1175.67 1175.34 1174.95 1174.75 1174.43 1173.92 1173.51 1173.32 1172.99 1172.67 1172.46 1172.39 1172.32 1172.23 1172.26 1172.45 1172.48 1172.32 1172.42 1172.64 1172.58 1172.55 1172.63 1172.76 1172.83 1172.89 1172.97 1173.09 1173.28 1173.4 1173.56 1173.73 1173.71 1173.85 1174.08 1174.16 1174.27 1174.66 1174.97 1175 1175.21 1175.51 1175.49 1175.49 1175.45 1175.41 1175.27 1175.27 1175.51 1175.76 1175.89 1176.08 1176.43 1176.66 1176.88 1177.16 1177.24 1177.43 1177.78 1178.09 1178.33 1178.54 1178.76 1178.96 1179.06 1179.18 1179.49 1179.73 1179.63 1179.64 1179.72 1179.76 1179.78 1179.79 1179.89 1179.91 1179.97 1180 1179.91 1179.92 1179.91 1179.98 1180.1 1180.06 1180.01 1180.02 1179.86 1179.68 1179.59 1179.42 1179.11 1178.81 1178.37 1178.11 1177.84 1177.58 1177.44 1177.06 1176.62 1176.22 1175.72 1175.33 1175 1174.89 1174.7 1174.44 1174.2 1174 1173.83 1173.5 1173.1 1173.06 1173.17 1173.07 1172.92 1172.96 1172.64 1172.46 1172.45 1172.23 1172.1 1171.99 1171.75 1171.73 1171.74 1171.53 1171.21 1171.17 1170.93 1170.51 1170.19 1169.94 1169.59 1169.27 1168.97 1168.44 1167.92 1167.57 1167.25 1167.09 1166.84 1166.75 1166.92 1167.16 1167.46 1167.6 1167.77 1168.11 1168.3 1168.46 1168.56 1168.77 1168.86 1169.05 1169.38 1169.64 1170.1 1170.47 1170.71 1171 1171.33 1171.6 1171.85 1172.29 1172.58 1172.81 1173.19 1173.64 1174.37 1175.05 1175.45 1175.99 1176.4 1176.65 1176.83 1177.18 1177.55 1177.82 1178.16 1178.59 1178.89 1179.04 1179.17 1179.36 1179.45 1179.49 1179.32 1179.16 1178.91 1178.65 1178.46 1178.25 1178.28 1178.27 1178.11 1177.95 1177.78 1177.65 1177.53 1177.53 1177.4 1177.23 1177.28 1177.21 1177.18 1177.33 1177.44 1177.61 1177.83 1178.16 1178.33 1178.51 1178.7 1178.76 1178.79 1178.91 1179.24 1179.48 1179.6 1179.69 1179.75 1179.93 1180.08 1180.3 1180.55 1180.67 1180.86 1181.09 1181.32 1181.41 1181.29 1181.33 1181.33 1181.32 1181.29 1181.18 1181.02 1181 1180.93 1180.72 1180.68 1180.66 1180.4 1180.45 1180.54 1180.46 1180.39 1180.4 1180.2 1180.03 1180.11 1180 1179.89 1179.93 1179.66 1179.43 1179.21 1178.84 1178.47 1178.26 1177.91 1177.45 1177.01 1176.58 1176.09 1175.54 1174.99 1174.58 1174.14 1173.64 1173.07 1172.52 1171.99 1171.54 1171.12 1170.67 1170.19 1169.74 1169.12 1168.57 1167.97 1167.37 1166.95 1166.63 1166.25 1166.17 1166.2 1166.02 1165.86 1165.89 1165.85 1165.96 1166.4 1167.05 1167.67 1167.86 1167.85 1167.82 1167.98 1167.99 1167.96 1168.08 1168.27 1168.75 1169.18 1169.35 1169.67 1169.88 1169.93 1169.93 1170.11 1170.33 1170.47 1170.7 1171.07 1171.38 1171.52 1171.6 1171.72 1171.76 1171.73 1171.52 1171.32 1171.03 1170.76 1170.57 1170.37 1170.25 1170.12 1169.84 1169.59 1169.32 1169.11 1168.92 1168.86 1168.67 1168.45 1168.45 1168.33 1168.26 1168.35 1168.41 1168.52 1168.68 1168.93 1169.02 1169.12 1169.2 1169.2 1169.23 1169.37 1169.73 1170.01 1170.17 1170.32 1170.44 1170.67 1170.86 1171.15 1171.45 1171.62 1171.86 1172.16 1172.43 1172.59 1172.52 1172.62 1172.67 1172.71 1172.74 1172.68 1172.58 1172.61 1172.59 1172.44 1172.45 1172.48 1172.28 1172.38 1172.53 1172.5 1172.49 1172.55 1172.41 1172.3 1172.44 1172.4 1172.34 1172.46 1172.26 1172.1 1171.96 1171.67 1171.39 1171.28 1171.03 1170.68 1170.35 1170.04 1169.68 1169.27 1168.86 1168.62 1168.35 1167.88 1167.35 1166.86 1166.4 1166.03 1165.71 1165.36 1165 1164.67 1164.18 1163.77 1163.32 1162.88}}
 adjusted 0
}
dnLensDistort_v2 {
 lensDataFile /jobs/COOL8/020_ls0100/ivy/lnd/LND_020_ls0100_layout_shot_v001/LND_020_ls0100_layout_shot_v001.lensdata
 lensMode distort
 name dnLensDistort1
 selected true
 xpos 2993
 ypos 7263
 addUserKnob {20 Ivy}
 addUserKnob {22 ivy_documentation l "Ivy Documentation" t "Open IvyTab documentation page in your web browser" T "__import__('dnnuke.toolbox.v1.nodes.docs', fromlist=\['open_docs_name']).open_docs_name('IvyTab')" +STARTLINE}
 addUserKnob {26 divider4 l "" +STARTLINE}
 addUserKnob {1 _ivyVals l "" +STARTLINE +HIDDEN}
 _ivyVals "\{'ivy_job': '', 'ivy_usemanualuri': False, 'leafname': '', 'ivy_vnum': 0, 'ivy_twignametags': \{\}, 'ivy_shot': '', 'ivy_regex': False, 'ivy_type': '', 'ivy_versionquery': '', 'spider_uri': ''\}"
 addUserKnob {52 ivyTab l "" -STARTLINE T "__import__('nukescripts').panels.WidgetKnob(__import__('dnnuke.core.ivy.tab.widget.query', fromlist=\['getBoundKnob']).getBoundKnob(nuke.thisNode()))"}
 addUserKnob {1 _ivyFile l "" +STARTLINE +HIDDEN +INVISIBLE}
 _ivyFile /jobs/COOL8/020_ls0100/ivy/lnd/LND_020_ls0100_layout_shot_v001/LND_020_ls0100_layout_shot_v001.lensdata
 addUserKnob {78 _expressions l "" -STARTLINE +HIDDEN +INVISIBLE n 1}
 _expressions {{curve}}
 addUserKnob {26 divider0 l "" +STARTLINE}
 addUserKnob {20 dbinfo l "DB Info" n 1}
 dbinfo 0
 addUserKnob {1 twig_dnuuid l "Twig Id"}
 twig_dnuuid 8fa83063-6542-4a63-97f5-345309cf9a23
 addUserKnob {1 stalk_dnuuid l "Stalk Id"}
 stalk_dnuuid 6a57f1ed-19fe-465d-8421-a157b0246763
 addUserKnob {1 twigtype_dnuuid l "Twig Type Id"}
 twigtype_dnuuid 7912c4c0-9e46-4e27-ab18-7c2529a7dcbe
 addUserKnob {1 leaf_dnuuid l "Leaf Id"}
 leaf_dnuuid 2ef62312-77ca-462b-8c10-af71af66176a
 addUserKnob {26 divider1 l "" +STARTLINE}
 addUserKnob {1 twigtype l "Twig Type"}
 twigtype lnd
 addUserKnob {1 leaf_label l Leaf}
 leaf_label main
 addUserKnob {1 ivy_version l Version}
 ivy_version 1
 addUserKnob {43 ivy_notes l Notes}
 ivy_notes "cache version of layout slap v5"
 addUserKnob {26 divider2 l "" +STARTLINE}
 addUserKnob {1 build_label l "Build Label"}
 addUserKnob {20 dbinfoEndGroup l "DB Info" n -1}
}
